id	length	cysteines_num	cysteines_perc
HI914_00003A	76	2	2.63158
HI914_00018A	406	1	0.246305
HI914_00036A	880	7	0.795455
HI914_00044A	888	8	0.900901
HI914_00053A	491	9	1.83299
HI914_00068A	567	7	1.23457
HI914_00077A	693	2	0.2886
HI914_00091A	370	4	1.08108
HI914_00110A	158	5	3.16456
HI914_00122A	1053	8	0.759734
HI914_00123A	352	4	1.13636
HI914_00143A	588	16	2.72109
HI914_00146A	200	13	6.5
HI914_00149A	559	8	1.43113
HI914_00228A	146	10	6.84932
HI914_00229A	183	4	2.18579
HI914_00232A	232	7	3.01724
HI914_00233A	183	5	2.73224
HI914_00234A	1084	10	0.922509
HI914_00261A	424	7	1.65094
HI914_00262A	368	6	1.63043
HI914_00279A	239	3	1.25523
HI914_00280A	99	5	5.05051
HI914_00281A	399	8	2.00501
HI914_00282A	399	8	2.00501
HI914_00290A	476	6	1.2605
HI914_00297A	826	5	0.605327
HI914_00319A	435	12	2.75862
HI914_00320A	482	12	2.48963
HI914_00322A	419	4	0.954654
HI914_00323A	111	0	0
HI914_00324A	93	0	0
HI914_00325A	108	0	0
HI914_00330A	396	3	0.757576
HI914_00331A	482	13	2.6971
HI914_00332A	374	9	2.40642
HI914_00340A	332	2	0.60241
HI914_00348A	192	0	0
HI914_00394A	199	6	3.01508
HI914_00410A	599	4	0.66778
HI914_00436A	300	5	1.66667
HI914_00453A	517	3	0.580271
HI914_00464A	112	1	0.892857
HI914_00467A	111	1	0.900901
HI914_00468A	111	1	0.900901
HI914_00469A	111	1	0.900901
HI914_00474A	111	1	0.900901
HI914_00476A	134	1	0.746269
HI914_00480A	112	1	0.892857
HI914_00483A	241	5	2.07469
HI914_00488A	164	8	4.87805
HI914_00517A	178	6	3.37079
HI914_00534A	71	1	1.40845
HI914_00557A	124	3	2.41935
HI914_00574A	102	3	2.94118
HI914_00576A	105	3	2.85714
HI914_00593A	382	6	1.57068
HI914_00597A	380	4	1.05263
HI914_00624A	579	7	1.20898
HI914_00625A	922	15	1.6269
HI914_00650A	187	2	1.06952
HI914_00653A	143	1	0.699301
HI914_00677A	227	4	1.76211
HI914_00681A	355	6	1.69014
HI914_00683A	280	14	5
HI914_00704A	160	4	2.5
HI914_00712A	480	1	0.208333
HI914_00724A	523	4	0.764818
HI914_00741A	973	5	0.513875
HI914_00761A	564	5	0.886525
HI914_00785A	528	15	2.84091
HI914_00798A	664	12	1.80723
HI914_00799A	470	5	1.06383
HI914_00851A	142	1	0.704225
HI914_00881A	293	4	1.36519
HI914_00908A	327	2	0.611621
HI914_00974A	257	10	3.89105
HI914_00994A	359	5	1.39276
HI914_00999A	450	10	2.22222
HI914_01031A	424	20	4.71698
HI914_01041A	456	5	1.09649
HI914_01060A	344	4	1.16279
HI914_01073A	344	4	1.16279
HI914_01086A	217	5	2.30415
HI914_01096A	186	6	3.22581
HI914_01097A	597	5	0.837521
HI914_01102A	167	7	4.19162
HI914_01103A	167	4	2.39521
HI914_01108A	221	7	3.16742
HI914_01110A	441	5	1.13379
HI914_01112A	377	5	1.32626
HI914_01113A	344	5	1.45349
HI914_01120A	112	1	0.892857
HI914_01121A	172	0	0
HI914_01123A	750	8	1.06667
HI914_01136A	446	6	1.34529
HI914_01145A	217	3	1.38249
HI914_01169A	213	1	0.469484
HI914_01185A	476	31	6.51261
HI914_01187A	245	1	0.408163
HI914_01194A	169	8	4.73373
HI914_01199A	218	3	1.37615
HI914_01227A	459	7	1.52505
HI914_01255A	178	6	3.37079
HI914_01263A	101	0	0
HI914_01275A	106	5	4.71698
HI914_01289A	779	9	1.15533
HI914_01355A	205	0	0
HI914_01356A	212	0	0
HI914_01416A	536	14	2.61194
HI914_01431A	476	2	0.420168
HI914_01432A	605	2	0.330579
HI914_01433A	439	2	0.455581
HI914_01437A	922	15	1.6269
HI914_01444A	922	15	1.6269
HI914_01452A	127	5	3.93701
HI914_01465A	365	1	0.273973
HI914_01471A	70	1	1.42857
HI914_01484A	494	0	0
HI914_01503A	144	6	4.16667
HI914_01553A	86	0	0
HI914_01559A	457	14	3.06346
HI914_01560A	104	7	6.73077
HI914_01575A	1234	11	0.89141
HI914_01589A	371	3	0.808625
HI914_01625A	139	1	0.719424
HI914_01626A	539	8	1.48423
HI914_01640A	422	14	3.31754
HI914_01673A	735	10	1.36054
HI914_01677A	399	15	3.7594
HI914_01708A	431	6	1.39211
HI914_01740A	165	6	3.63636
HI914_01757A	584	4	0.684932
HI914_01780A	889	11	1.23735
HI914_01795A	274	2	0.729927
HI914_01796A	150	1	0.666667
HI914_01805A	350	16	4.57143
HI914_01806A	174	6	3.44828
HI914_01808A	128	1	0.78125
HI914_01831A	394	6	1.52284
HI914_01852A	188	0	0
HI914_01863A	93	3	3.22581
HI914_01885A	374	0	0
HI914_01891A	237	6	2.53165
HI914_01913A	90	4	4.44444
HI914_01957A	162	3	1.85185
HI914_01962A	99	1	1.0101
HI914_01964A	76	2	2.63158
HI914_01981A	102	1	0.980392
HI914_02029A	412	7	1.69903
HI914_02059A	525	10	1.90476
HI914_02077A	138	9	6.52174
HI914_02083A	519	3	0.578035
HI914_02135A	68	2	2.94118
HI914_02164A	147	5	3.40136
HI914_02242A	90	6	6.66667
HI914_02244A	200	1	0.5
HI914_02269A	1486	31	2.08614
HI914_02281A	165	3	1.81818
HI914_02286A	340	0	0
HI914_02288A	236	1	0.423729
HI914_02308A	485	0	0
HI914_02317A	455	2	0.43956
HI914_02333A	240	2	0.833333
HI914_02337A	605	4	0.661157
HI914_02377A	486	10	2.05761
HI914_02379A	308	8	2.5974
HI914_02396A	215	5	2.32558
HI914_02399A	228	2	0.877193
HI914_02418A	211	0	0
HI914_02420A	232	4	1.72414
HI914_02423A	195	4	2.05128
HI914_02430A	170	3	1.76471
HI914_02444A	538	9	1.67286
HI914_02456A	210	3	1.42857
HI914_02481A	134	2	1.49254
HI914_02486A	176	4	2.27273
HI914_02493A	462	10	2.1645
HI914_02535A	124	6	4.83871
HI914_02596A	402	2	0.497512
HI914_02612A	503	14	2.7833
HI914_02642A	217	4	1.84332
HI914_02647A	348	10	2.87356
HI914_02655A	349	9	2.5788
HI914_02669A	506	13	2.56917
HI914_02671A	119	2	1.68067
HI914_02697A	510	8	1.56863
HI914_02706A	298	3	1.00671
HI914_02716A	816	12	1.47059
HI914_02749A	301	0	0
HI914_02777A	186	4	2.15054
HI914_02860A	295	25	8.47458
HI914_02873A	452	8	1.76991
HI914_02875A	446	10	2.24215
HI914_02877A	96	3	3.125
HI914_02893A	900	11	1.22222
HI914_03033A	612	0	0
HI914_03034A	622	8	1.28617
HI914_03035A	142	6	4.22535
HI914_03082A	58	3	5.17241
HI914_03156A	209	6	2.87081
HI914_03158A	209	6	2.87081
HI914_03159A	55	0	0
HI914_03162A	63	0	0
HI914_03171A	213	6	2.8169
HI914_03175A	270	7	2.59259
HI914_03176A	326	8	2.45399
HI914_03211A	413	2	0.484262
HI914_03216A	283	3	1.06007
HI914_03233A	769	13	1.69051
HI914_03295A	405	8	1.97531
HI914_03308A	107	6	5.60748
HI914_03309A	256	5	1.95312
HI914_03311A	256	4	1.5625
HI914_03312A	256	5	1.95312
HI914_03314A	239	4	1.67364
HI914_03320A	290	2	0.689655
HI914_03322A	365	3	0.821918
HI914_03326A	572	5	0.874126
HI914_03338A	517	8	1.54739
HI914_03342A	169	6	3.5503
HI914_03347A	240	6	2.5
HI914_03351A	464	4	0.862069
HI914_03361A	417	10	2.39808
HI914_03368A	292	19	6.50685
HI914_03378A	169	1	0.591716
HI914_03389A	81	1	1.23457
HI914_03390A	295	7	2.37288
HI914_03407A	190	2	1.05263
HI914_03408A	1003	9	0.897308
HI914_03415A	153	6	3.92157
HI914_03417A	237	7	2.95359
HI914_03449A	649	10	1.54083
HI914_03453A	286	6	2.0979
HI914_03457A	212	2	0.943396
HI914_03470A	81	1	1.23457
HI914_03472A	397	6	1.51134
HI914_03485A	326	3	0.920245
HI914_03547A	173	5	2.89017
HI914_03565A	186	8	4.30108
HI914_03571A	262	5	1.9084
HI914_03623A	453	8	1.766
HI914_03634A	222	3	1.35135
HI914_03657A	340	7	2.05882
HI914_03719A	517	9	1.74081
HI914_03736A	401	4	0.997506
HI914_03749A	292	3	1.0274
HI914_03758A	215	8	3.72093
HI914_03770A	381	4	1.04987
HI914_03774A	76	1	1.31579
HI914_03784A	585	6	1.02564
HI914_03794A	248	6	2.41935
HI914_03855A	447	2	0.447427
HI914_03865A	126	2	1.5873
HI914_03875A	379	12	3.16623
HI914_03893A	802	5	0.623441
HI914_03954A	162	5	3.08642
HI914_03992A	514	8	1.55642
HI914_04011A	547	5	0.914077
HI914_04025A	500	9	1.8
HI914_04035A	633	35	5.52923
HI914_04048A	388	0	0
HI914_04078A	290	12	4.13793
HI914_04085A	492	4	0.813008
HI914_04086A	240	5	2.08333
HI914_04108A	240	4	1.66667
HI914_04116A	1367	13	0.950988
HI914_04120A	171	1	0.584795
HI914_04122A	720	11	1.52778
HI914_04160A	228	1	0.438596
HI914_04163A	407	5	1.2285
HI914_04179A	380	9	2.36842
HI914_04180A	1118	4	0.357782
HI914_04189A	109	5	4.58716
HI914_04190A	744	27	3.62903
HI914_04199A	146	4	2.73973
HI914_04289A	833	10	1.20048
HI914_04300A	754	3	0.397878
HI914_04302A	338	3	0.887574
HI914_04303A	337	3	0.890208
HI914_04305A	536	3	0.559701
HI914_04344A	403	4	0.992556
HI914_04349A	282	3	1.06383
HI914_04350A	103	4	3.8835
HI914_04353A	153	4	2.61438
HI914_04383A	136	0	0
HI914_04405A	424	14	3.30189
HI914_04425A	794	8	1.00756
HI914_04437A	279	1	0.358423
HI914_04443A	329	5	1.51976
HI914_04467A	191	6	3.14136
HI914_04469A	191	6	3.14136
HI914_04470A	161	4	2.48447
HI914_04472A	200	6	3
HI914_04492A	605	3	0.495868
HI914_04498A	610	6	0.983607
HI914_04505A	590	6	1.01695
HI914_04518A	387	0	0
HI914_04523A	198	4	2.0202
HI914_04532A	369	1	0.271003
HI914_04544A	198	6	3.0303
HI914_04545A	569	16	2.81195
HI914_04547A	478	14	2.92887
HI914_04548A	512	5	0.976562
HI914_04550A	532	4	0.75188
HI914_04563A	114	6	5.26316
HI914_04594A	673	1	0.148588
HI914_04606A	76	2	2.63158
HI914_04610A	150	4	2.66667
HI914_04626A	1090	9	0.825688
HI914_04628A	603	10	1.65837
HI914_04629A	862	2	0.232019
HI914_04630A	650	9	1.38462
HI914_04631A	642	8	1.24611
HI914_04632A	149	3	2.01342
HI914_04634A	151	2	1.3245
HI914_04651A	173	2	1.15607
HI914_04653A	135	1	0.740741
HI914_04668A	62	0	0
HI914_04697A	1082	36	3.32717
HI914_04727A	284	7	2.46479
HI914_04729A	678	6	0.884956
HI914_04740A	187	2	1.06952
HI914_04754A	341	1	0.293255
HI914_04758A	533	6	1.1257
HI914_04760A	806	0	0
HI914_04766A	426	6	1.40845
HI914_04792A	429	5	1.1655
HI914_04823A	146	2	1.36986
HI914_04826A	528	20	3.78788
HI914_04832A	184	4	2.17391
HI914_04834A	93	1	1.07527
HI914_04877A	242	10	4.13223
HI914_04882A	360	0	0
HI914_04888A	482	0	0
HI914_04894A	371	0	0
HI914_04895A	608	0	0
HI914_04896A	390	1	0.25641
HI914_04900A	178	5	2.80899
HI914_04902A	321	5	1.55763
HI914_04916A	140	0	0
HI914_04924A	327	4	1.22324
HI914_04941A	259	0	0
HI914_04952A	81	1	1.23457
HI914_04957A	215	9	4.18605
HI914_04959A	576	6	1.04167
HI914_04965A	114	6	5.26316
HI914_04981A	605	11	1.81818
HI914_04983A	609	11	1.80624
HI914_05011A	714	3	0.420168
HI914_05012A	109	0	0
HI914_05057A	177	0	0
HI914_05064A	295	0	0
HI914_05065A	250	1	0.4
HI914_05080A	278	0	0
HI914_05104A	297	0	0
HI914_05105A	399	0	0
HI914_05107A	297	0	0
HI914_05108A	247	1	0.404858
HI914_05157A	568	9	1.58451
HI914_05171A	166	2	1.20482
HI914_05176A	112	0	0
HI914_05180A	86	1	1.16279
HI914_05183A	86	0	0
HI914_05191A	243	1	0.411523
HI914_05202A	198	6	3.0303
HI914_05227A	820	5	0.609756
HI914_05254A	89	1	1.1236
HI914_05258A	69	1	1.44928
HI914_05264A	97	1	1.03093
HI914_05265A	172	4	2.32558
HI914_05279A	196	6	3.06122
HI914_05281A	182	4	2.1978
HI914_05284A	190	7	3.68421
HI914_05288A	179	8	4.46927
HI914_05289A	153	7	4.57516
HI914_05290A	177	8	4.51977
HI914_05295A	183	2	1.0929
HI914_05297A	216	5	2.31481
HI914_05299A	246	1	0.406504
HI914_05302A	150	6	4
HI914_05303A	152	6	3.94737
HI914_05309A	448	5	1.11607
HI914_05357A	922	15	1.6269
HI914_05377A	231	5	2.1645
HI914_05393A	176	6	3.40909
HI914_05395A	179	6	3.35196
HI914_05398A	219	12	5.47945
HI914_05399A	217	12	5.52995
HI914_05400A	199	4	2.01005
HI914_05402A	219	12	5.47945
HI914_05403A	219	12	5.47945
HI914_05404A	184	6	3.26087
HI914_05405A	195	7	3.58974
HI914_05406A	186	6	3.22581
HI914_05416A	780	11	1.41026
HI914_05428A	151	7	4.63576
HI914_05429A	193	6	3.10881
HI914_05434A	420	7	1.66667
HI914_05438A	532	11	2.06767
HI914_05495A	179	4	2.23464
HI914_05503A	325	7	2.15385
HI914_05526A	206	0	0
HI914_05551A	206	0	0
HI914_05558A	110	3	2.72727
HI914_05600A	532	3	0.56391
HI914_05609A	115	3	2.6087
HI914_05615A	324	8	2.46914
HI914_05645A	718	4	0.557103
HI914_05684A	89	3	3.37079
HI914_05692A	512	7	1.36719
HI914_05712A	186	11	5.91398
HI914_05714A	566	0	0
HI914_05752A	269	15	5.57621
HI914_05770A	188	4	2.12766
HI914_05779A	229	1	0.436681
HI914_05811A	89	1	1.1236
HI914_05824A	207	2	0.966184
HI914_05836A	62	3	4.83871
HI914_05857A	157	1	0.636943
HI914_05869A	332	5	1.50602
HI914_05904A	446	2	0.44843
HI914_05906A	588	7	1.19048
HI914_05918A	295	7	2.37288
HI914_05938A	127	6	4.72441
HI914_05953A	179	3	1.67598
HI914_06054A	96	6	6.25
HI914_06057A	535	8	1.49533
HI914_06065A	371	4	1.07817
HI914_06076A	536	6	1.1194
HI914_06080A	263	0	0
HI914_06190A	1491	7	0.469484
HI914_06205A	265	9	3.39623
HI914_06252A	510	11	2.15686
HI914_06259A	506	13	2.56917
HI914_06262A	506	12	2.37154
HI914_06266A	504	13	2.57937
HI914_06271A	507	12	2.36686
HI914_06289A	509	13	2.55403
HI914_06291A	509	13	2.55403
HI914_06295A	509	13	2.55403
HI914_06301A	1462	15	1.02599
HI914_06316A	598	7	1.17057
HI914_06320A	76	2	2.63158
HI914_06354A	290	4	1.37931
HI914_06367A	252	5	1.98413
HI914_06371A	186	4	2.15054
HI914_06374A	197	4	2.03046
HI914_06375A	197	4	2.03046
HI914_06377A	176	0	0
HI914_06381A	412	6	1.45631
HI914_06387A	201	4	1.99005
HI914_06412A	197	2	1.01523
HI914_06413A	215	5	2.32558
HI914_06414A	235	5	2.12766
HI914_06415A	600	3	0.5
HI914_06416A	601	4	0.665557
HI914_06419A	363	2	0.550964
HI914_06421A	198	6	3.0303
HI914_06427A	116	0	0
HI914_06440A	643	13	2.02177
HI914_06453A	264	4	1.51515
HI914_06454A	243	4	1.64609
HI914_06455A	264	5	1.89394
HI914_06457A	288	4	1.38889
HI914_06459A	819	45	5.49451
HI914_06477A	621	7	1.12721
HI914_06526A	516	6	1.16279
HI914_06535A	184	5	2.71739
HI914_06601A	259	8	3.0888
HI914_06621A	382	4	1.04712
HI914_06698A	76	2	2.63158
HI914_06711A	866	7	0.808314
HI914_06757A	504	12	2.38095
HI914_06782A	1002	6	0.598802
HI914_06793A	273	3	1.0989
HI914_06808A	590	7	1.18644
HI914_06824A	90	4	4.44444
HI914_06831A	493	12	2.43408
HI914_06836A	504	12	2.38095
HI914_06893A	546	2	0.3663
HI914_06931A	194	6	3.09278
HI914_06942A	94	7	7.44681
HI914_06968A	312	5	1.60256
HI914_07008A	765	9	1.17647
HI914_07016A	191	7	3.66492
HI914_07026A	149	1	0.671141
HI914_07030A	962	5	0.519751
HI914_07039A	165	2	1.21212
HI914_07050A	61	1	1.63934
HI914_07139A	132	5	3.78788
HI914_07149A	149	2	1.34228
HI914_07156A	462	11	2.38095
HI914_07167A	647	8	1.23648
HI914_07191A	333	4	1.2012
HI914_07213A	398	4	1.00503
HI914_07215A	395	2	0.506329
HI914_07218A	392	5	1.27551
HI914_07241A	76	2	2.63158
HI914_07252A	482	9	1.86722
HI914_07256A	266	2	0.75188
HI914_07258A	461	4	0.867679
HI914_07286A	434	1	0.230415
HI914_07287A	767	8	1.04302
HI914_07291A	282	6	2.12766
HI914_07301A	407	9	2.2113
HI914_07308A	503	7	1.39165
HI914_07309A	1278	36	2.8169
HI914_07316A	241	8	3.3195
HI914_07341A	256	9	3.51562
HI914_07342A	250	8	3.2
HI914_07343A	253	8	3.16206
HI914_07366A	358	15	4.18994
HI914_07400A	188	4	2.12766
HI914_07447A	541	8	1.47874
HI914_07454A	184	3	1.63043
HI914_07459A	380	6	1.57895
HI914_07461A	190	5	2.63158
HI914_07489A	151	5	3.31126
HI914_07492A	636	11	1.72956
HI914_07494A	609	11	1.80624
HI914_07495A	609	12	1.97044
HI914_07503A	609	12	1.97044
HI914_07505A	245	4	1.63265
HI914_07511A	719	11	1.5299
HI914_07515A	561	16	2.85205
HI914_07551A	191	6	3.14136
