chr01	0	50000	46	49275	50000	0.9855000
chr01	50000	100000	45	49916	50000	0.9983200
chr01	100000	150000	48	49296	50000	0.9859200
chr01	150000	200000	30	49591	50000	0.9918200
chr01	200000	250000	33	49092	50000	0.9818400
chr01	250000	300000	48	38951	50000	0.7790200
chr01	300000	350000	55	27268	50000	0.5453600
chr01	350000	400000	43	30859	50000	0.6171800
chr01	400000	450000	48	6969	50000	0.1393800
chr01	450000	500000	37	21383	50000	0.4276600
chr01	500000	550000	62	23970	50000	0.4794000
chr01	550000	600000	62	34641	50000	0.6928200
chr01	600000	650000	35	14141	50000	0.2828200
chr01	650000	700000	48	29139	50000	0.5827800
chr01	700000	750000	80	29658	50000	0.5931600
chr01	750000	800000	50	26771	50000	0.5354200
chr01	800000	850000	69	23304	50000	0.4660800
chr01	850000	900000	37	27438	50000	0.5487600
chr01	900000	950000	35	37942	50000	0.7588400
chr01	950000	1000000	57	22889	50000	0.4577800
chr01	1000000	1050000	68	26209	50000	0.5241800
chr01	1050000	1100000	46	27771	50000	0.5554200
chr01	1100000	1150000	52	31895	50000	0.6379000
chr01	1150000	1200000	55	18079	50000	0.3615800
chr01	1200000	1250000	38	12070	50000	0.2414000
chr01	1250000	1300000	60	18997	50000	0.3799400
chr01	1300000	1350000	55	13531	50000	0.2706200
chr01	1350000	1400000	43	25525	50000	0.5105000
chr01	1400000	1450000	60	39467	50000	0.7893400
chr01	1450000	1500000	47	22577	50000	0.4515400
chr01	1500000	1550000	48	33397	50000	0.6679400
chr01	1550000	1600000	55	21686	50000	0.4337200
chr01	1600000	1650000	59	28964	50000	0.5792800
chr01	1650000	1700000	61	18000	50000	0.3600000
chr01	1700000	1750000	61	25719	50000	0.5143800
chr01	1750000	1800000	65	29196	50000	0.5839200
chr01	1800000	1850000	47	24912	50000	0.4982400
chr01	1850000	1900000	49	25494	50000	0.5098800
chr01	1900000	1950000	61	18261	50000	0.3652200
chr01	1950000	2000000	65	21825	50000	0.4365000
chr01	2000000	2050000	46	26045	50000	0.5209000
chr01	2050000	2100000	166	50000	50000	1.0000000
chr01	2100000	2150000	74	32737	50000	0.6547400
chr01	2150000	2200000	44	31829	50000	0.6365800
chr01	2200000	2250000	51	39878	50000	0.7975600
chr01	2250000	2300000	68	25632	50000	0.5126400
chr01	2300000	2350000	49	29767	50000	0.5953400
chr01	2350000	2400000	57	25434	50000	0.5086800
chr01	2400000	2450000	57	33213	50000	0.6642600
chr01	2450000	2500000	40	26670	50000	0.5334000
chr01	2500000	2550000	54	35474	50000	0.7094800
chr01	2550000	2600000	63	41379	50000	0.8275800
chr01	2600000	2650000	48	38240	50000	0.7648000
chr01	2650000	2700000	56	40931	50000	0.8186200
chr01	2700000	2750000	42	46537	50000	0.9307400
chr01	2750000	2800000	36	49962	50000	0.9992400
chr01	2800000	2850000	41	50000	50000	1.0000000
chr01	2850000	2900000	41	50000	50000	1.0000000
chr01	2900000	2950000	39	50000	50000	1.0000000
chr01	2950000	3000000	41	49973	50000	0.9994600
chr01	3000000	3050000	51	39035	50000	0.7807000
chr01	3050000	3100000	59	38830	50000	0.7766000
chr01	3100000	3150000	38	21745	50000	0.4349000
chr01	3150000	3200000	42	22113	50000	0.4422600
chr01	3200000	3250000	51	25975	50000	0.5195000
chr01	3250000	3300000	54	35656	50000	0.7131200
chr01	3300000	3350000	78	35519	50000	0.7103800
chr01	3350000	3400000	65	28406	50000	0.5681200
chr01	3400000	3450000	82	31439	50000	0.6287800
chr01	3450000	3500000	49	19387	50000	0.3877400
chr01	3500000	3550000	44	17395	50000	0.3479000
chr01	3550000	3600000	63	26255	50000	0.5251000
chr01	3600000	3650000	32	15408	50000	0.3081600
chr01	3650000	3700000	39	26260	50000	0.5252000
chr01	3700000	3750000	45	30480	50000	0.6096000
chr01	3750000	3800000	53	21038	50000	0.4207600
chr01	3800000	3850000	55	31539	50000	0.6307800
chr01	3850000	3900000	47	20404	50000	0.4080800
chr01	3900000	3950000	45	19734	50000	0.3946800
chr01	3950000	4000000	40	16076	50000	0.3215200
chr01	4000000	4050000	67	28312	50000	0.5662400
chr01	4050000	4100000	60	21346	50000	0.4269200
chr01	4100000	4150000	39	24797	50000	0.4959400
chr01	4150000	4200000	31	13710	50000	0.2742000
chr01	4200000	4250000	53	14567	50000	0.2913400
chr01	4250000	4300000	42	11498	50000	0.2299600
chr01	4300000	4350000	70	24410	50000	0.4882000
chr01	4350000	4400000	71	25317	50000	0.5063400
chr01	4400000	4450000	61	22131	50000	0.4426200
chr01	4450000	4500000	46	34034	50000	0.6806800
chr01	4500000	4550000	76	48165	50000	0.9633000
chr01	4550000	4600000	81	49986	50000	0.9997200
chr01	4600000	4650000	62	44873	50000	0.8974600
chr01	4650000	4700000	64	38492	50000	0.7698400
chr01	4700000	4750000	46	45179	50000	0.9035800
chr01	4750000	4800000	58	43296	50000	0.8659200
chr01	4800000	4850000	70	29118	50000	0.5823600
chr01	4850000	4900000	66	33654	50000	0.6730800
chr01	4900000	4950000	54	22232	50000	0.4446400
chr01	4950000	5000000	64	25150	50000	0.5030000
chr01	5000000	5050000	74	25237	50000	0.5047400
chr01	5050000	5100000	24	49698	50000	0.9939600
chr01	5100000	5150000	47	31680	50000	0.6336000
chr01	5150000	5200000	50	18826	50000	0.3765200
chr01	5200000	5250000	69	28242	50000	0.5648400
chr01	5250000	5300000	33	30007	50000	0.6001400
chr01	5300000	5350000	49	26399	50000	0.5279800
chr01	5350000	5400000	45	14838	50000	0.2967600
chr01	5400000	5450000	27	20288	50000	0.4057600
chr01	5450000	5500000	38	22721	50000	0.4544200
chr01	5500000	5550000	48	29527	50000	0.5905400
chr01	5550000	5600000	48	20274	50000	0.4054800
chr01	5600000	5650000	37	46467	50000	0.9293400
chr01	5650000	5700000	64	27771	50000	0.5554200
chr01	5700000	5750000	57	32961	50000	0.6592200
chr01	5750000	5800000	48	31180	50000	0.6236000
chr01	5800000	5850000	46	24875	50000	0.4975000
chr01	5850000	5900000	59	26936	50000	0.5387200
chr01	5900000	5950000	53	46211	50000	0.9242200
chr01	5950000	6000000	42	49942	50000	0.9988400
chr01	6000000	6050000	39	49289	50000	0.9857800
chr01	6050000	6100000	37	49109	50000	0.9821800
chr01	6100000	6150000	43	49780	50000	0.9956000
chr01	6150000	6200000	35	47908	50000	0.9581600
chr01	6200000	6250000	17	49999	50000	0.9999800
chr01	6250000	6300000	35	49902	50000	0.9980400
chr01	6300000	6350000	49	49470	50000	0.9894000
chr01	6350000	6400000	40	48819	50000	0.9763800
chr01	6400000	6450000	36	48545	50000	0.9709000
chr01	6450000	6500000	40	49234	50000	0.9846800
chr01	6500000	6550000	35	49358	50000	0.9871600
chr01	6550000	6600000	43	49687	50000	0.9937400
chr01	6600000	6650000	38	49625	50000	0.9925000
chr01	6650000	6700000	35	49850	50000	0.9970000
chr01	6700000	6750000	37	49974	50000	0.9994800
chr01	6750000	6800000	47	48079	50000	0.9615800
chr01	6800000	6850000	39	49641	50000	0.9928200
chr01	6850000	6900000	36	49241	50000	0.9848200
chr01	6900000	6950000	37	49679	50000	0.9935800
chr01	6950000	7000000	52	49143	50000	0.9828600
chr01	7000000	7050000	52	36523	50000	0.7304600
chr01	7050000	7100000	40	17162	50000	0.3432400
chr01	7100000	7150000	42	22908	50000	0.4581600
chr01	7150000	7200000	49	14961	50000	0.2992200
chr01	7200000	7250000	48	20106	50000	0.4021200
chr01	7250000	7300000	34	22237	50000	0.4447400
chr01	7300000	7350000	44	21666	50000	0.4333200
chr01	7350000	7400000	72	27224	50000	0.5444800
chr01	7400000	7450000	42	33086	50000	0.6617200
chr01	7450000	7500000	68	21516	50000	0.4303200
chr01	7500000	7550000	65	20740	50000	0.4148000
chr01	7550000	7600000	58	22166	50000	0.4433200
chr01	7600000	7650000	55	32621	50000	0.6524200
chr01	7650000	7700000	43	16060	50000	0.3212000
chr01	7700000	7750000	60	19821	50000	0.3964200
chr01	7750000	7800000	50	16607	50000	0.3321400
chr01	7800000	7850000	64	23889	50000	0.4777800
chr01	7850000	7900000	35	21850	50000	0.4370000
chr01	7900000	7950000	43	20746	50000	0.4149200
chr01	7950000	8000000	44	24050	50000	0.4810000
chr01	8000000	8050000	48	36182	50000	0.7236400
chr01	8050000	8100000	43	43145	50000	0.8629000
chr01	8100000	8150000	44	15650	50000	0.3130000
chr01	8150000	8200000	39	17955	50000	0.3591000
chr01	8200000	8250000	44	24022	50000	0.4804400
chr01	8250000	8300000	36	40140	50000	0.8028000
chr01	8300000	8350000	48	33709	50000	0.6741800
chr01	8350000	8400000	47	19569	50000	0.3913800
chr01	8400000	8450000	47	18726	50000	0.3745200
chr01	8450000	8500000	38	21519	50000	0.4303800
chr01	8500000	8550000	48	28201	50000	0.5640200
chr01	8550000	8600000	51	25551	50000	0.5110200
chr01	8600000	8650000	46	27365	50000	0.5473000
chr01	8650000	8700000	35	33391	50000	0.6678200
chr01	8700000	8750000	46	28261	50000	0.5652200
chr01	8750000	8800000	54	32834	50000	0.6566800
chr01	8800000	8850000	42	16104	50000	0.3220800
chr01	8850000	8900000	42	19480	50000	0.3896000
chr01	8900000	8950000	46	16610	50000	0.3322000
chr01	8950000	9000000	57	25284	50000	0.5056800
chr01	9000000	9050000	61	33727	50000	0.6745400
chr01	9050000	9100000	58	26408	50000	0.5281600
chr01	9100000	9150000	62	25804	50000	0.5160800
chr01	9150000	9200000	45	25380	50000	0.5076000
chr01	9200000	9250000	50	24950	50000	0.4990000
chr01	9250000	9300000	52	22124	50000	0.4424800
chr01	9300000	9350000	40	22271	50000	0.4454200
chr01	9350000	9400000	87	25150	50000	0.5030000
chr01	9400000	9450000	71	33831	50000	0.6766200
chr01	9450000	9500000	52	15272	50000	0.3054400
chr01	9500000	9550000	52	29864	50000	0.5972800
chr01	9550000	9600000	43	31242	50000	0.6248400
chr01	9600000	9650000	49	24560	50000	0.4912000
chr01	9650000	9700000	50	22802	50000	0.4560400
chr01	9700000	9750000	64	26113	50000	0.5222600
chr01	9750000	9800000	69	24904	50000	0.4980800
chr01	9800000	9850000	56	20662	50000	0.4132400
chr01	9850000	9900000	45	34810	50000	0.6962000
chr01	9900000	9950000	48	45584	50000	0.9116800
chr01	9950000	10000000	54	37949	50000	0.7589800
chr01	10000000	10050000	73	46443	50000	0.9288600
chr01	10050000	10100000	36	38078	50000	0.7615600
chr01	10100000	10150000	50	42226	50000	0.8445200
chr01	10150000	10200000	47	22926	50000	0.4585200
chr01	10200000	10250000	59	22191	50000	0.4438200
chr01	10250000	10300000	71	28377	50000	0.5675400
chr01	10300000	10350000	55	19690	50000	0.3938000
chr01	10350000	10400000	67	18547	50000	0.3709400
chr01	10400000	10450000	46	36327	50000	0.7265400
chr01	10450000	10500000	53	25703	50000	0.5140600
chr01	10500000	10550000	48	39369	50000	0.7873800
chr01	10550000	10600000	65	29767	50000	0.5953400
chr01	10600000	10650000	45	24420	50000	0.4884000
chr01	10650000	10700000	42	27864	50000	0.5572800
chr01	10700000	10750000	56	36142	50000	0.7228400
chr01	10750000	10800000	43	19391	50000	0.3878200
chr01	10800000	10850000	62	23614	50000	0.4722800
chr01	10850000	10900000	59	17967	50000	0.3593400
chr01	10900000	10950000	59	38922	50000	0.7784400
chr01	10950000	11000000	57	47160	50000	0.9432000
chr01	11000000	11050000	52	49241	50000	0.9848200
chr01	11050000	11100000	45	49986	50000	0.9997200
chr01	11100000	11150000	45	49680	50000	0.9936000
chr01	11150000	11200000	31	49122	50000	0.9824400
chr01	11200000	11250000	39	49991	50000	0.9998200
chr01	11250000	11300000	31	49169	50000	0.9833800
chr01	11300000	11303845	13	3512	3845	0.9133940
chr02	0	50000	41	46684	50000	0.9336800
chr02	50000	100000	38	49322	50000	0.9864400
chr02	100000	150000	57	30632	50000	0.6126400
chr02	150000	200000	67	24517	50000	0.4903400
chr02	200000	250000	47	21484	50000	0.4296800
chr02	250000	300000	57	25573	50000	0.5114600
chr02	300000	350000	56	19395	50000	0.3879000
chr02	350000	400000	55	24198	50000	0.4839600
chr02	400000	450000	51	24482	50000	0.4896400
chr02	450000	500000	57	29483	50000	0.5896600
chr02	500000	550000	30	45604	50000	0.9120800
chr02	550000	600000	70	49837	50000	0.9967400
chr02	600000	650000	87	29670	50000	0.5934000
chr02	650000	700000	60	19538	50000	0.3907600
chr02	700000	750000	45	17872	50000	0.3574400
chr02	750000	800000	48	21273	50000	0.4254600
chr02	800000	850000	42	14107	50000	0.2821400
chr02	850000	900000	38	17453	50000	0.3490600
chr02	900000	950000	50	12015	50000	0.2403000
chr02	950000	1000000	40	13604	50000	0.2720800
chr02	1000000	1050000	59	34968	50000	0.6993600
chr02	1050000	1100000	69	18644	50000	0.3728800
chr02	1100000	1150000	44	26268	50000	0.5253600
chr02	1150000	1200000	45	18956	50000	0.3791200
chr02	1200000	1250000	69	31691	50000	0.6338200
chr02	1250000	1300000	52	14208	50000	0.2841600
chr02	1300000	1350000	44	36027	50000	0.7205400
chr02	1350000	1400000	1	50000	50000	1.0000000
chr02	1400000	1450000	61	23958	50000	0.4791600
chr02	1450000	1500000	45	27468	50000	0.5493600
chr02	1500000	1550000	74	24316	50000	0.4863200
chr02	1550000	1600000	69	38536	50000	0.7707200
chr02	1600000	1650000	46	25925	50000	0.5185000
chr02	1650000	1700000	63	27178	50000	0.5435600
chr02	1700000	1750000	64	25198	50000	0.5039600
chr02	1750000	1800000	46	28573	50000	0.5714600
chr02	1800000	1850000	62	31151	50000	0.6230200
chr02	1850000	1900000	63	18740	50000	0.3748000
chr02	1900000	1950000	41	30102	50000	0.6020400
chr02	1950000	2000000	57	16234	50000	0.3246800
chr02	2000000	2050000	69	23239	50000	0.4647800
chr02	2050000	2100000	43	17774	50000	0.3554800
chr02	2100000	2150000	42	8464	50000	0.1692800
chr02	2150000	2200000	63	24072	50000	0.4814400
chr02	2200000	2250000	70	17922	50000	0.3584400
chr02	2250000	2300000	37	21801	50000	0.4360200
chr02	2300000	2350000	43	30097	50000	0.6019400
chr02	2350000	2400000	49	24540	50000	0.4908000
chr02	2400000	2450000	44	25146	50000	0.5029200
chr02	2450000	2500000	46	30343	50000	0.6068600
chr02	2500000	2550000	78	14836	50000	0.2967200
chr02	2550000	2600000	53	18355	50000	0.3671000
chr02	2600000	2650000	36	26599	50000	0.5319800
chr02	2650000	2700000	44	27183	50000	0.5436600
chr02	2700000	2750000	34	24683	50000	0.4936600
chr02	2750000	2800000	42	19214	50000	0.3842800
chr02	2800000	2850000	63	44879	50000	0.8975800
chr02	2850000	2900000	29	49488	50000	0.9897600
chr02	2900000	2950000	55	47859	50000	0.9571800
chr02	2950000	3000000	44	49423	50000	0.9884600
chr02	3000000	3050000	23	49884	50000	0.9976800
chr02	3050000	3100000	17	49912	50000	0.9982400
chr02	3100000	3150000	22	48389	50000	0.9677800
chr02	3150000	3200000	29	49951	50000	0.9990200
chr02	3200000	3250000	28	49622	50000	0.9924400
chr02	3250000	3300000	35	48994	50000	0.9798800
chr02	3300000	3350000	39	47316	50000	0.9463200
chr02	3350000	3400000	22	49940	50000	0.9988000
chr02	3400000	3450000	30	49562	50000	0.9912400
chr02	3450000	3500000	38	49073	50000	0.9814600
chr02	3500000	3550000	42	48443	50000	0.9688600
chr02	3550000	3600000	50	49359	50000	0.9871800
chr02	3600000	3650000	35	48472	50000	0.9694400
chr02	3650000	3700000	33	49998	50000	0.9999600
chr02	3700000	3750000	46	49255	50000	0.9851000
chr02	3750000	3800000	40	49778	50000	0.9955600
chr02	3800000	3850000	55	38600	50000	0.7720000
chr02	3850000	3900000	52	42178	50000	0.8435600
chr02	3900000	3950000	32	39740	50000	0.7948000
chr02	3950000	4000000	52	31813	50000	0.6362600
chr02	4000000	4050000	27	20876	50000	0.4175200
chr02	4050000	4100000	49	31211	50000	0.6242200
chr02	4100000	4150000	39	29039	50000	0.5807800
chr02	4150000	4200000	49	47086	50000	0.9417200
chr02	4200000	4250000	45	31376	50000	0.6275200
chr02	4250000	4300000	40	28952	50000	0.5790400
chr02	4300000	4350000	46	20389	50000	0.4077800
chr02	4350000	4400000	50	22057	50000	0.4411400
chr02	4400000	4450000	27	24774	50000	0.4954800
chr02	4450000	4500000	64	21972	50000	0.4394400
chr02	4500000	4550000	28	6973	50000	0.1394600
chr02	4550000	4600000	46	25412	50000	0.5082400
chr02	4600000	4650000	55	21920	50000	0.4384000
chr02	4650000	4700000	36	6628	50000	0.1325600
chr02	4700000	4750000	49	19246	50000	0.3849200
chr02	4750000	4800000	45	11154	50000	0.2230800
chr02	4800000	4850000	44	34613	50000	0.6922600
chr02	4850000	4900000	51	24477	50000	0.4895400
chr02	4900000	4950000	37	35610	50000	0.7122000
chr02	4950000	5000000	63	32335	50000	0.6467000
chr02	5000000	5050000	75	23157	50000	0.4631400
chr02	5050000	5100000	49	16332	50000	0.3266400
chr02	5100000	5150000	39	19643	50000	0.3928600
chr02	5150000	5200000	50	12843	50000	0.2568600
chr02	5200000	5250000	64	17103	50000	0.3420600
chr02	5250000	5300000	40	16850	50000	0.3370000
chr02	5300000	5350000	50	15120	50000	0.3024000
chr02	5350000	5400000	43	15038	50000	0.3007600
chr02	5400000	5450000	69	32231	50000	0.6446200
chr02	5450000	5500000	45	32803	50000	0.6560600
chr02	5500000	5550000	41	49882	50000	0.9976400
chr02	5550000	5600000	58	27995	50000	0.5599000
chr02	5600000	5650000	47	18508	50000	0.3701600
chr02	5650000	5700000	45	23774	50000	0.4754800
chr02	5700000	5750000	45	13577	50000	0.2715400
chr02	5750000	5800000	46	21595	50000	0.4319000
chr02	5800000	5850000	61	31152	50000	0.6230400
chr02	5850000	5900000	34	6328	50000	0.1265600
chr02	5900000	5950000	65	25361	50000	0.5072200
chr02	5950000	6000000	48	28492	50000	0.5698400
chr02	6000000	6050000	43	37040	50000	0.7408000
chr02	6050000	6100000	56	28817	50000	0.5763400
chr02	6100000	6150000	31	16038	50000	0.3207600
chr02	6150000	6200000	33	17091	50000	0.3418200
chr02	6200000	6250000	44	27457	50000	0.5491400
chr02	6250000	6300000	60	47327	50000	0.9465400
chr02	6300000	6350000	73	48953	50000	0.9790600
chr02	6350000	6400000	48	30421	50000	0.6084200
chr02	6400000	6450000	57	29786	50000	0.5957200
chr02	6450000	6500000	40	15470	50000	0.3094000
chr02	6500000	6550000	50	27465	50000	0.5493000
chr02	6550000	6600000	50	19076	50000	0.3815200
chr02	6600000	6650000	50	24804	50000	0.4960800
chr02	6650000	6700000	54	35873	50000	0.7174600
chr02	6700000	6750000	61	40391	50000	0.8078200
chr02	6750000	6800000	53	32900	50000	0.6580000
chr02	6800000	6850000	58	29924	50000	0.5984800
chr02	6850000	6900000	53	29997	50000	0.5999400
chr02	6900000	6950000	40	19468	50000	0.3893600
chr02	6950000	7000000	30	17732	50000	0.3546400
chr02	7000000	7050000	56	28545	50000	0.5709000
chr02	7050000	7100000	54	21442	50000	0.4288400
chr02	7100000	7150000	49	22757	50000	0.4551400
chr02	7150000	7200000	30	8400	50000	0.1680000
chr02	7200000	7250000	79	30031	50000	0.6006200
chr02	7250000	7300000	59	26075	50000	0.5215000
chr02	7300000	7350000	47	17273	50000	0.3454600
chr02	7350000	7400000	42	27266	50000	0.5453200
chr02	7400000	7450000	47	20704	50000	0.4140800
chr02	7450000	7500000	53	27522	50000	0.5504400
chr02	7500000	7550000	65	27033	50000	0.5406600
chr02	7550000	7600000	41	16356	50000	0.3271200
chr02	7600000	7650000	50	22623	50000	0.4524600
chr02	7650000	7700000	54	11731	50000	0.2346200
chr02	7700000	7750000	65	21799	50000	0.4359800
chr02	7750000	7800000	60	32476	50000	0.6495200
chr02	7800000	7850000	54	25324	50000	0.5064800
chr02	7850000	7900000	61	28785	50000	0.5757000
chr02	7900000	7950000	34	34326	50000	0.6865200
chr02	7950000	8000000	57	27109	50000	0.5421800
chr02	8000000	8050000	41	25800	50000	0.5160000
chr02	8050000	8100000	40	24078	50000	0.4815600
chr02	8100000	8150000	47	22298	50000	0.4459600
chr02	8150000	8200000	64	26562	50000	0.5312400
chr02	8200000	8250000	42	20723	50000	0.4144600
chr02	8250000	8300000	44	23093	50000	0.4618600
chr02	8300000	8350000	55	38799	50000	0.7759800
chr02	8350000	8400000	38	17539	50000	0.3507800
chr02	8400000	8450000	45	18195	50000	0.3639000
chr02	8450000	8500000	66	22380	50000	0.4476000
chr02	8500000	8550000	62	35334	50000	0.7066800
chr02	8550000	8600000	43	24183	50000	0.4836600
chr02	8600000	8650000	51	25960	50000	0.5192000
chr02	8650000	8700000	44	19788	50000	0.3957600
chr02	8700000	8750000	40	26934	50000	0.5386800
chr02	8750000	8800000	74	25487	50000	0.5097400
chr02	8800000	8850000	45	27823	50000	0.5564600
chr02	8850000	8900000	43	9539	50000	0.1907800
chr02	8900000	8950000	64	31185	50000	0.6237000
chr02	8950000	9000000	50	28561	50000	0.5712200
chr02	9000000	9050000	38	22715	50000	0.4543000
chr02	9050000	9100000	53	26993	50000	0.5398600
chr02	9100000	9150000	73	38274	50000	0.7654800
chr02	9150000	9200000	49	22987	50000	0.4597400
chr02	9200000	9250000	53	21621	50000	0.4324200
chr02	9250000	9300000	49	21814	50000	0.4362800
chr02	9300000	9350000	70	33588	50000	0.6717600
chr02	9350000	9400000	42	36181	50000	0.7236200
chr02	9400000	9450000	53	36777	50000	0.7355400
chr02	9450000	9500000	60	12867	50000	0.2573400
chr02	9500000	9550000	51	11047	50000	0.2209400
chr02	9550000	9600000	53	23294	50000	0.4658800
chr02	9600000	9650000	53	22312	50000	0.4462400
chr02	9650000	9700000	48	42158	50000	0.8431600
chr02	9700000	9750000	42	36335	50000	0.7267000
chr02	9750000	9800000	53	19223	50000	0.3844600
chr02	9800000	9850000	47	46665	50000	0.9333000
chr02	9850000	9873641	20	18502	23641	0.7826234
chr03	0	50000	44	49061	50000	0.9812200
chr03	50000	100000	39	48820	50000	0.9764000
chr03	100000	150000	25	46733	50000	0.9346600
chr03	150000	200000	44	40587	50000	0.8117400
chr03	200000	250000	66	37805	50000	0.7561000
chr03	250000	300000	32	14427	50000	0.2885400
chr03	300000	350000	50	24279	50000	0.4855800
chr03	350000	400000	44	17378	50000	0.3475600
chr03	400000	450000	58	23109	50000	0.4621800
chr03	450000	500000	55	23218	50000	0.4643600
chr03	500000	550000	53	32451	50000	0.6490200
chr03	550000	600000	48	26872	50000	0.5374400
chr03	600000	650000	45	23548	50000	0.4709600
chr03	650000	700000	47	24941	50000	0.4988200
chr03	700000	750000	70	39072	50000	0.7814400
chr03	750000	800000	50	31602	50000	0.6320400
chr03	800000	850000	66	19302	50000	0.3860400
chr03	850000	900000	58	19109	50000	0.3821800
chr03	900000	950000	64	23551	50000	0.4710200
chr03	950000	1000000	54	21212	50000	0.4242400
chr03	1000000	1050000	39	20744	50000	0.4148800
chr03	1050000	1100000	43	15031	50000	0.3006200
chr03	1100000	1150000	61	23071	50000	0.4614200
chr03	1150000	1200000	41	37676	50000	0.7535200
chr03	1200000	1250000	45	26910	50000	0.5382000
chr03	1250000	1300000	33	17207	50000	0.3441400
chr03	1300000	1350000	60	27126	50000	0.5425200
chr03	1350000	1400000	44	20724	50000	0.4144800
chr03	1400000	1450000	43	20080	50000	0.4016000
chr03	1450000	1500000	32	25430	50000	0.5086000
chr03	1500000	1550000	65	38942	50000	0.7788400
chr03	1550000	1600000	41	24108	50000	0.4821600
chr03	1600000	1650000	38	16251	50000	0.3250200
chr03	1650000	1700000	59	35830	50000	0.7166000
chr03	1700000	1750000	63	24148	50000	0.4829600
chr03	1750000	1800000	56	25062	50000	0.5012400
chr03	1800000	1850000	69	23513	50000	0.4702600
chr03	1850000	1900000	74	28466	50000	0.5693200
chr03	1900000	1950000	66	16605	50000	0.3321000
chr03	1950000	2000000	42	26386	50000	0.5277200
chr03	2000000	2050000	61	24772	50000	0.4954400
chr03	2050000	2100000	49	13440	50000	0.2688000
chr03	2100000	2150000	61	19451	50000	0.3890200
chr03	2150000	2200000	65	20525	50000	0.4105000
chr03	2200000	2250000	38	32717	50000	0.6543400
chr03	2250000	2300000	47	22920	50000	0.4584000
chr03	2300000	2350000	49	27259	50000	0.5451800
chr03	2350000	2400000	52	23252	50000	0.4650400
chr03	2400000	2450000	62	34437	50000	0.6887400
chr03	2450000	2500000	48	21033	50000	0.4206600
chr03	2500000	2550000	55	13410	50000	0.2682000
chr03	2550000	2600000	41	16235	50000	0.3247000
chr03	2600000	2650000	40	18813	50000	0.3762600
chr03	2650000	2700000	45	25005	50000	0.5001000
chr03	2700000	2750000	92	21946	50000	0.4389200
chr03	2750000	2800000	39	36910	50000	0.7382000
chr03	2800000	2850000	54	31978	50000	0.6395600
chr03	2850000	2900000	64	33910	50000	0.6782000
chr03	2900000	2950000	55	29358	50000	0.5871600
chr03	2950000	3000000	49	25417	50000	0.5083400
chr03	3000000	3050000	52	13084	50000	0.2616800
chr03	3050000	3100000	40	22635	50000	0.4527000
chr03	3100000	3150000	50	32023	50000	0.6404600
chr03	3150000	3200000	69	32821	50000	0.6564200
chr03	3200000	3250000	51	20745	50000	0.4149000
chr03	3250000	3300000	38	26223	50000	0.5244600
chr03	3300000	3350000	50	20947	50000	0.4189400
chr03	3350000	3400000	43	25057	50000	0.5011400
chr03	3400000	3450000	57	19893	50000	0.3978600
chr03	3450000	3500000	55	17598	50000	0.3519600
chr03	3500000	3550000	25	10558	50000	0.2111600
chr03	3550000	3600000	32	4726	50000	0.0945200
chr03	3600000	3650000	44	25640	50000	0.5128000
chr03	3650000	3700000	51	31527	50000	0.6305400
chr03	3700000	3750000	47	20829	50000	0.4165800
chr03	3750000	3800000	55	25731	50000	0.5146200
chr03	3800000	3850000	64	28110	50000	0.5622000
chr03	3850000	3900000	55	32836	50000	0.6567200
chr03	3900000	3950000	62	33729	50000	0.6745800
chr03	3950000	4000000	53	39015	50000	0.7803000
chr03	4000000	4050000	77	43315	50000	0.8663000
chr03	4050000	4100000	35	28088	50000	0.5617600
chr03	4100000	4150000	60	38105	50000	0.7621000
chr03	4150000	4200000	59	34869	50000	0.6973800
chr03	4200000	4250000	51	32078	50000	0.6415600
chr03	4250000	4300000	52	32862	50000	0.6572400
chr03	4300000	4350000	56	26112	50000	0.5222400
chr03	4350000	4400000	53	36902	50000	0.7380400
chr03	4400000	4450000	34	48155	50000	0.9631000
chr03	4450000	4500000	33	49972	50000	0.9994400
chr03	4500000	4550000	29	49919	50000	0.9983800
chr03	4550000	4600000	33	49382	50000	0.9876400
chr03	4600000	4650000	39	49072	50000	0.9814400
chr03	4650000	4700000	40	49481	50000	0.9896200
chr03	4700000	4750000	46	46571	50000	0.9314200
chr03	4750000	4800000	38	49997	50000	0.9999400
chr03	4800000	4850000	47	49990	50000	0.9998000
chr03	4850000	4900000	45	48863	50000	0.9772600
chr03	4900000	4950000	39	47042	50000	0.9408400
chr03	4950000	5000000	32	49822	50000	0.9964400
chr03	5000000	5050000	37	49969	50000	0.9993800
chr03	5050000	5100000	53	48955	50000	0.9791000
chr03	5100000	5150000	42	48822	50000	0.9764400
chr03	5150000	5200000	40	48561	50000	0.9712200
chr03	5200000	5250000	39	48835	50000	0.9767000
chr03	5250000	5300000	28	48250	50000	0.9650000
chr03	5300000	5350000	19	49990	50000	0.9998000
chr03	5350000	5400000	47	48884	50000	0.9776800
chr03	5400000	5450000	43	49850	50000	0.9970000
chr03	5450000	5500000	67	39669	50000	0.7933800
chr03	5500000	5550000	55	40490	50000	0.8098000
chr03	5550000	5600000	63	21578	50000	0.4315600
chr03	5600000	5650000	43	11409	50000	0.2281800
chr03	5650000	5700000	34	9628	50000	0.1925600
chr03	5700000	5750000	59	16081	50000	0.3216200
chr03	5750000	5800000	63	32563	50000	0.6512600
chr03	5800000	5850000	29	11382	50000	0.2276400
chr03	5850000	5900000	58	28310	50000	0.5662000
chr03	5900000	5950000	56	25824	50000	0.5164800
chr03	5950000	6000000	51	38170	50000	0.7634000
chr03	6000000	6050000	53	36408	50000	0.7281600
chr03	6050000	6100000	38	26058	50000	0.5211600
chr03	6100000	6150000	60	28010	50000	0.5602000
chr03	6150000	6200000	44	28799	50000	0.5759800
chr03	6200000	6250000	59	20399	50000	0.4079800
chr03	6250000	6300000	60	17914	50000	0.3582800
chr03	6300000	6350000	38	30950	50000	0.6190000
chr03	6350000	6400000	51	24079	50000	0.4815800
chr03	6400000	6450000	67	34089	50000	0.6817800
chr03	6450000	6500000	50	20213	50000	0.4042600
chr03	6500000	6550000	37	17777	50000	0.3555400
chr03	6550000	6600000	54	20151	50000	0.4030200
chr03	6600000	6650000	56	25905	50000	0.5181000
chr03	6650000	6700000	60	28010	50000	0.5602000
chr03	6700000	6750000	46	14176	50000	0.2835200
chr03	6750000	6800000	34	10921	50000	0.2184200
chr03	6800000	6850000	58	32706	50000	0.6541200
chr03	6850000	6900000	54	21125	50000	0.4225000
chr03	6900000	6950000	60	16035	50000	0.3207000
chr03	6950000	7000000	45	13070	50000	0.2614000
chr03	7000000	7050000	53	24056	50000	0.4811200
chr03	7050000	7100000	49	16851	50000	0.3370200
chr03	7100000	7150000	52	34839	50000	0.6967800
chr03	7150000	7200000	71	29898	50000	0.5979600
chr03	7200000	7250000	51	16624	50000	0.3324800
chr03	7250000	7300000	57	16346	50000	0.3269200
chr03	7300000	7350000	70	25058	50000	0.5011600
chr03	7350000	7400000	47	21234	50000	0.4246800
chr03	7400000	7450000	91	15263	50000	0.3052600
chr03	7450000	7500000	40	28008	50000	0.5601600
chr03	7500000	7550000	48	33181	50000	0.6636200
chr03	7550000	7600000	42	16917	50000	0.3383400
chr03	7600000	7650000	28	14402	50000	0.2880400
chr03	7650000	7700000	52	17066	50000	0.3413200
chr03	7700000	7750000	36	36231	50000	0.7246200
chr03	7750000	7800000	54	29596	50000	0.5919200
chr03	7800000	7850000	45	17865	50000	0.3573000
chr03	7850000	7900000	67	28577	50000	0.5715400
chr03	7900000	7950000	67	22636	50000	0.4527200
chr03	7950000	8000000	52	45201	50000	0.9040200
chr03	8000000	8050000	37	49030	50000	0.9806000
chr03	8050000	8100000	42	48924	50000	0.9784800
chr03	8100000	8150000	41	49697	50000	0.9939400
chr03	8150000	8200000	37	49617	50000	0.9923400
chr03	8200000	8250000	58	48047	50000	0.9609400
chr03	8250000	8280522	25	29855	30522	0.9781469
chr04	0	50000	34	49638	50000	0.9927600
chr04	50000	100000	56	48372	50000	0.9674400
chr04	100000	150000	53	38132	50000	0.7626400
chr04	150000	200000	58	21931	50000	0.4386200
chr04	200000	250000	91	15117	50000	0.3023400
chr04	250000	300000	66	32480	50000	0.6496000
chr04	300000	350000	57	32788	50000	0.6557600
chr04	350000	400000	34	15078	50000	0.3015600
chr04	400000	450000	63	23698	50000	0.4739600
chr04	450000	500000	53	28593	50000	0.5718600
chr04	500000	550000	53	27407	50000	0.5481400
chr04	550000	600000	40	14232	50000	0.2846400
chr04	600000	650000	38	16362	50000	0.3272400
chr04	650000	700000	53	36583	50000	0.7316600
chr04	700000	750000	55	22327	50000	0.4465400
chr04	750000	800000	77	20113	50000	0.4022600
chr04	800000	850000	46	32425	50000	0.6485000
chr04	850000	900000	52	17565	50000	0.3513000
chr04	900000	950000	43	22155	50000	0.4431000
chr04	950000	1000000	68	17229	50000	0.3445800
chr04	1000000	1050000	44	13016	50000	0.2603200
chr04	1050000	1100000	73	30750	50000	0.6150000
chr04	1100000	1150000	71	33499	50000	0.6699800
chr04	1150000	1200000	59	27764	50000	0.5552800
chr04	1200000	1250000	65	23902	50000	0.4780400
chr04	1250000	1300000	72	38359	50000	0.7671800
chr04	1300000	1350000	62	16234	50000	0.3246800
chr04	1350000	1400000	43	22689	50000	0.4537800
chr04	1400000	1450000	57	32672	50000	0.6534400
chr04	1450000	1500000	47	19239	50000	0.3847800
chr04	1500000	1550000	56	20974	50000	0.4194800
chr04	1550000	1600000	51	26470	50000	0.5294000
chr04	1600000	1650000	41	21321	50000	0.4264200
chr04	1650000	1700000	51	26771	50000	0.5354200
chr04	1700000	1750000	56	20216	50000	0.4043200
chr04	1750000	1800000	66	17730	50000	0.3546000
chr04	1800000	1850000	56	24821	50000	0.4964200
chr04	1850000	1900000	78	31548	50000	0.6309600
chr04	1900000	1950000	49	25845	50000	0.5169000
chr04	1950000	2000000	77	31157	50000	0.6231400
chr04	2000000	2050000	36	30768	50000	0.6153600
chr04	2050000	2100000	46	22841	50000	0.4568200
chr04	2100000	2150000	57	22079	50000	0.4415800
chr04	2150000	2200000	63	19903	50000	0.3980600
chr04	2200000	2250000	54	18882	50000	0.3776400
chr04	2250000	2300000	60	21213	50000	0.4242600
chr04	2300000	2350000	46	19293	50000	0.3858600
chr04	2350000	2400000	41	22060	50000	0.4412000
chr04	2400000	2450000	56	26969	50000	0.5393800
chr04	2450000	2500000	39	43823	50000	0.8764600
chr04	2500000	2550000	61	32297	50000	0.6459400
chr04	2550000	2600000	43	21418	50000	0.4283600
chr04	2600000	2650000	56	30248	50000	0.6049600
chr04	2650000	2700000	45	30499	50000	0.6099800
chr04	2700000	2750000	60	27013	50000	0.5402600
chr04	2750000	2800000	39	24623	50000	0.4924600
chr04	2800000	2850000	53	19904	50000	0.3980800
chr04	2850000	2900000	78	22767	50000	0.4553400
chr04	2900000	2950000	49	10559	50000	0.2111800
chr04	2950000	3000000	62	18070	50000	0.3614000
chr04	3000000	3050000	83	24457	50000	0.4891400
chr04	3050000	3100000	73	19754	50000	0.3950800
chr04	3100000	3150000	50	34377	50000	0.6875400
chr04	3150000	3200000	37	15195	50000	0.3039000
chr04	3200000	3250000	61	13061	50000	0.2612200
chr04	3250000	3300000	45	14740	50000	0.2948000
chr04	3300000	3350000	49	35402	50000	0.7080400
chr04	3350000	3400000	62	34037	50000	0.6807400
chr04	3400000	3450000	65	12935	50000	0.2587000
chr04	3450000	3500000	52	24778	50000	0.4955600
chr04	3500000	3550000	54	30692	50000	0.6138400
chr04	3550000	3600000	52	39480	50000	0.7896000
chr04	3600000	3650000	56	24824	50000	0.4964800
chr04	3650000	3700000	47	48950	50000	0.9790000
chr04	3700000	3750000	45	49986	50000	0.9997200
chr04	3750000	3800000	35	49568	50000	0.9913600
chr04	3800000	3850000	46	49670	50000	0.9934000
chr04	3850000	3900000	41	48050	50000	0.9610000
chr04	3900000	3950000	22	49436	50000	0.9887200
chr04	3950000	4000000	42	49778	50000	0.9955600
chr04	4000000	4050000	45	49491	50000	0.9898200
chr04	4050000	4100000	28	49473	50000	0.9894600
chr04	4100000	4150000	26	48883	50000	0.9776600
chr04	4150000	4200000	44	49619	50000	0.9923800
chr04	4200000	4250000	23	49781	50000	0.9956200
chr04	4250000	4300000	31	49548	50000	0.9909600
chr04	4300000	4350000	43	48831	50000	0.9766200
chr04	4350000	4400000	36	49326	50000	0.9865200
chr04	4400000	4450000	29	49628	50000	0.9925600
chr04	4450000	4500000	24	49659	50000	0.9931800
chr04	4500000	4550000	30	49778	50000	0.9955600
chr04	4550000	4600000	35	49028	50000	0.9805600
chr04	4600000	4650000	37	49748	50000	0.9949600
chr04	4650000	4700000	22	48372	50000	0.9674400
chr04	4700000	4750000	28	49816	50000	0.9963200
chr04	4750000	4800000	39	49495	50000	0.9899000
chr04	4800000	4850000	20	49658	50000	0.9931600
chr04	4850000	4900000	34	49907	50000	0.9981400
chr04	4900000	4950000	36	49364	50000	0.9872800
chr04	4950000	5000000	26	50000	50000	1.0000000
chr04	5000000	5050000	36	49484	50000	0.9896800
chr04	5050000	5100000	36	49813	50000	0.9962600
chr04	5100000	5150000	41	47898	50000	0.9579600
chr04	5150000	5200000	36	49965	50000	0.9993000
chr04	5200000	5250000	39	46862	50000	0.9372400
chr04	5250000	5300000	29	49482	50000	0.9896400
chr04	5300000	5350000	38	49116	50000	0.9823200
chr04	5350000	5400000	36	49528	50000	0.9905600
chr04	5400000	5450000	34	49068	50000	0.9813600
chr04	5450000	5500000	58	49897	50000	0.9979400
chr04	5500000	5550000	46	49583	50000	0.9916600
chr04	5550000	5600000	30	48431	50000	0.9686200
chr04	5600000	5650000	43	49375	50000	0.9875000
chr04	5650000	5700000	36	48731	50000	0.9746200
chr04	5700000	5750000	43	49521	50000	0.9904200
chr04	5750000	5800000	70	41352	50000	0.8270400
chr04	5800000	5850000	30	49066	50000	0.9813200
chr04	5850000	5900000	23	49958	50000	0.9991600
chr04	5900000	5950000	37	23796	50000	0.4759200
chr04	5950000	6000000	56	27869	50000	0.5573800
chr04	6000000	6050000	81	34465	50000	0.6893000
chr04	6050000	6100000	59	37372	50000	0.7474400
chr04	6100000	6150000	34	17792	50000	0.3558400
chr04	6150000	6200000	39	21618	50000	0.4323600
chr04	6200000	6250000	62	16501	50000	0.3300200
chr04	6250000	6300000	35	15093	50000	0.3018600
chr04	6300000	6350000	56	20269	50000	0.4053800
chr04	6350000	6400000	39	26252	50000	0.5250400
chr04	6400000	6450000	37	26581	50000	0.5316200
chr04	6450000	6500000	75	17464	50000	0.3492800
chr04	6500000	6550000	58	26602	50000	0.5320400
chr04	6550000	6600000	67	20434	50000	0.4086800
chr04	6600000	6650000	51	27980	50000	0.5596000
chr04	6650000	6700000	36	22777	50000	0.4555400
chr04	6700000	6750000	59	30854	50000	0.6170800
chr04	6750000	6800000	59	24320	50000	0.4864000
chr04	6800000	6850000	50	37092	50000	0.7418400
chr04	6850000	6900000	51	18195	50000	0.3639000
chr04	6900000	6950000	44	38761	50000	0.7752200
chr04	6950000	7000000	62	27320	50000	0.5464000
chr04	7000000	7050000	50	36772	50000	0.7354400
chr04	7050000	7100000	55	33699	50000	0.6739800
chr04	7100000	7150000	60	29638	50000	0.5927600
chr04	7150000	7200000	46	20400	50000	0.4080000
chr04	7200000	7250000	50	17590	50000	0.3518000
chr04	7250000	7300000	50	25764	50000	0.5152800
chr04	7300000	7350000	61	27461	50000	0.5492200
chr04	7350000	7400000	41	21273	50000	0.4254600
chr04	7400000	7450000	43	26468	50000	0.5293600
chr04	7450000	7500000	52	19062	50000	0.3812400
chr04	7500000	7550000	36	18020	50000	0.3604000
chr04	7550000	7600000	65	17851	50000	0.3570200
chr04	7600000	7650000	64	45311	50000	0.9062200
chr04	7650000	7700000	54	19312	50000	0.3862400
chr04	7700000	7750000	81	14232	50000	0.2846400
chr04	7750000	7800000	66	24882	50000	0.4976400
chr04	7800000	7850000	57	30037	50000	0.6007400
chr04	7850000	7900000	63	26565	50000	0.5313000
chr04	7900000	7950000	66	19852	50000	0.3970400
chr04	7950000	8000000	57	35991	50000	0.7198200
chr04	8000000	8050000	62	33513	50000	0.6702600
chr04	8050000	8100000	47	24770	50000	0.4954000
chr04	8100000	8150000	67	38041	50000	0.7608200
chr04	8150000	8200000	46	48642	50000	0.9728400
chr04	8200000	8250000	23	49754	50000	0.9950800
chr04	8250000	8267449	15	17415	17449	0.9980515
chr05	0	50000	44	49464	50000	0.9892800
chr05	50000	100000	63	43783	50000	0.8756600
chr05	100000	150000	67	19642	50000	0.3928400
chr05	150000	200000	48	23121	50000	0.4624200
chr05	200000	250000	60	34712	50000	0.6942400
chr05	250000	300000	63	19768	50000	0.3953600
chr05	300000	350000	63	38372	50000	0.7674400
chr05	350000	400000	49	12412	50000	0.2482400
chr05	400000	450000	79	26550	50000	0.5310000
chr05	450000	500000	46	24565	50000	0.4913000
chr05	500000	550000	43	17678	50000	0.3535600
chr05	550000	600000	52	15302	50000	0.3060400
chr05	600000	650000	76	13368	50000	0.2673600
chr05	650000	700000	43	20520	50000	0.4104000
chr05	700000	750000	41	22436	50000	0.4487200
chr05	750000	800000	69	21993	50000	0.4398600
chr05	800000	850000	53	23846	50000	0.4769200
chr05	850000	900000	46	30037	50000	0.6007400
chr05	900000	950000	53	29247	50000	0.5849400
chr05	950000	1000000	29	15102	50000	0.3020400
chr05	1000000	1050000	40	21516	50000	0.4303200
chr05	1050000	1100000	45	21832	50000	0.4366400
chr05	1100000	1150000	26	25228	50000	0.5045600
chr05	1150000	1200000	71	47241	50000	0.9448200
chr05	1200000	1250000	40	25680	50000	0.5136000
chr05	1250000	1300000	68	31467	50000	0.6293400
chr05	1300000	1350000	56	19632	50000	0.3926400
chr05	1350000	1400000	23	15859	50000	0.3171800
chr05	1400000	1450000	57	15185	50000	0.3037000
chr05	1450000	1500000	48	36712	50000	0.7342400
chr05	1500000	1550000	50	24990	50000	0.4998000
chr05	1550000	1600000	51	27217	50000	0.5443400
chr05	1600000	1650000	33	24511	50000	0.4902200
chr05	1650000	1700000	54	28222	50000	0.5644400
chr05	1700000	1750000	37	6969	50000	0.1393800
chr05	1750000	1800000	86	17700	50000	0.3540000
chr05	1800000	1850000	41	26588	50000	0.5317600
chr05	1850000	1900000	52	40133	50000	0.8026600
chr05	1900000	1950000	47	19874	50000	0.3974800
chr05	1950000	2000000	33	14804	50000	0.2960800
chr05	2000000	2050000	53	19738	50000	0.3947600
chr05	2050000	2100000	51	20147	50000	0.4029400
chr05	2100000	2150000	49	25352	50000	0.5070400
chr05	2150000	2200000	50	23005	50000	0.4601000
chr05	2200000	2250000	48	28687	50000	0.5737400
chr05	2250000	2300000	36	33154	50000	0.6630800
chr05	2300000	2350000	60	49991	50000	0.9998200
chr05	2350000	2400000	49	49941	50000	0.9988200
chr05	2400000	2450000	64	31577	50000	0.6315400
chr05	2450000	2500000	57	43998	50000	0.8799600
chr05	2500000	2550000	42	15027	50000	0.3005400
chr05	2550000	2600000	26	10429	50000	0.2085800
chr05	2600000	2650000	51	11407	50000	0.2281400
chr05	2650000	2700000	95	30275	50000	0.6055000
chr05	2700000	2750000	50	39401	50000	0.7880200
chr05	2750000	2800000	40	26703	50000	0.5340600
chr05	2800000	2850000	63	31809	50000	0.6361800
chr05	2850000	2900000	58	29179	50000	0.5835800
chr05	2900000	2950000	37	20226	50000	0.4045200
chr05	2950000	3000000	58	21794	50000	0.4358800
chr05	3000000	3050000	65	16760	50000	0.3352000
chr05	3050000	3100000	55	16428	50000	0.3285600
chr05	3100000	3150000	38	21036	50000	0.4207200
chr05	3150000	3200000	41	30409	50000	0.6081800
chr05	3200000	3250000	63	36186	50000	0.7237200
chr05	3250000	3300000	70	25282	50000	0.5056400
chr05	3300000	3350000	34	30130	50000	0.6026000
chr05	3350000	3400000	47	35202	50000	0.7040400
chr05	3400000	3450000	51	21882	50000	0.4376400
chr05	3450000	3500000	61	25340	50000	0.5068000
chr05	3500000	3550000	28	8439	50000	0.1687800
chr05	3550000	3600000	36	34412	50000	0.6882400
chr05	3600000	3650000	38	28261	50000	0.5652200
chr05	3650000	3700000	30	18927	50000	0.3785400
chr05	3700000	3750000	41	24034	50000	0.4806800
chr05	3750000	3800000	43	33958	50000	0.6791600
chr05	3800000	3850000	50	40106	50000	0.8021200
chr05	3850000	3900000	53	35525	50000	0.7105000
chr05	3900000	3950000	42	27757	50000	0.5551400
chr05	3950000	4000000	51	27212	50000	0.5442400
chr05	4000000	4050000	50	40232	50000	0.8046400
chr05	4050000	4100000	47	19335	50000	0.3867000
chr05	4100000	4150000	54	42091	50000	0.8418200
chr05	4150000	4200000	45	49697	50000	0.9939400
chr05	4200000	4250000	32	49937	50000	0.9987400
chr05	4250000	4300000	56	48798	50000	0.9759600
chr05	4300000	4350000	49	49390	50000	0.9878000
chr05	4350000	4400000	52	46993	50000	0.9398600
chr05	4400000	4450000	54	44755	50000	0.8951000
chr05	4450000	4500000	68	48794	50000	0.9758800
chr05	4500000	4550000	36	49371	50000	0.9874200
chr05	4550000	4600000	46	49634	50000	0.9926800
chr05	4600000	4650000	38	49313	50000	0.9862600
chr05	4650000	4700000	29	49929	50000	0.9985800
chr05	4700000	4750000	2	49900	50000	0.9980000
chr05	4750000	4800000	34	48546	50000	0.9709200
chr05	4800000	4850000	40	49223	50000	0.9844600
chr05	4850000	4900000	34	49838	50000	0.9967600
chr05	4900000	4950000	33	49880	50000	0.9976000
chr05	4950000	5000000	39	49817	50000	0.9963400
chr05	5000000	5050000	48	46181	50000	0.9236200
chr05	5050000	5100000	46	46177	50000	0.9235400
chr05	5100000	5150000	42	49290	50000	0.9858000
chr05	5150000	5200000	49	49234	50000	0.9846800
chr05	5200000	5250000	31	48393	50000	0.9678600
chr05	5250000	5300000	29	49532	50000	0.9906400
chr05	5300000	5350000	41	49380	50000	0.9876000
chr05	5350000	5400000	41	49604	50000	0.9920800
chr05	5400000	5450000	47	48699	50000	0.9739800
chr05	5450000	5500000	56	49683	50000	0.9936600
chr05	5500000	5550000	39	45539	50000	0.9107800
chr05	5550000	5600000	40	13353	50000	0.2670600
chr05	5600000	5650000	29	9101	50000	0.1820200
chr05	5650000	5700000	56	25964	50000	0.5192800
chr05	5700000	5750000	40	21305	50000	0.4261000
chr05	5750000	5800000	45	20933	50000	0.4186600
chr05	5800000	5850000	36	33896	50000	0.6779200
chr05	5850000	5900000	44	23296	50000	0.4659200
chr05	5900000	5950000	48	34880	50000	0.6976000
chr05	5950000	6000000	38	21408	50000	0.4281600
chr05	6000000	6050000	41	29437	50000	0.5887400
chr05	6050000	6100000	48	27551	50000	0.5510200
chr05	6100000	6150000	44	33621	50000	0.6724200
chr05	6150000	6200000	53	20542	50000	0.4108400
chr05	6200000	6250000	39	31452	50000	0.6290400
chr05	6250000	6300000	45	25902	50000	0.5180400
chr05	6300000	6350000	59	27018	50000	0.5403600
chr05	6350000	6400000	49	30272	50000	0.6054400
chr05	6400000	6450000	38	7483	50000	0.1496600
chr05	6450000	6500000	52	21009	50000	0.4201800
chr05	6500000	6550000	67	15825	50000	0.3165000
chr05	6550000	6600000	57	35833	50000	0.7166600
chr05	6600000	6650000	58	21052	50000	0.4210400
chr05	6650000	6700000	36	26508	50000	0.5301600
chr05	6700000	6750000	50	17916	50000	0.3583200
chr05	6750000	6800000	49	21785	50000	0.4357000
chr05	6800000	6850000	69	16156	50000	0.3231200
chr05	6850000	6900000	66	33553	50000	0.6710600
chr05	6900000	6950000	60	36504	50000	0.7300800
chr05	6950000	7000000	55	38851	50000	0.7770200
chr05	7000000	7050000	38	15018	50000	0.3003600
chr05	7050000	7100000	50	20124	50000	0.4024800
chr05	7100000	7150000	45	24331	50000	0.4866200
chr05	7150000	7200000	68	15202	50000	0.3040400
chr05	7200000	7250000	65	25528	50000	0.5105600
chr05	7250000	7300000	61	35913	50000	0.7182600
chr05	7300000	7350000	37	18257	50000	0.3651400
chr05	7350000	7400000	48	25913	50000	0.5182600
chr05	7400000	7450000	53	21260	50000	0.4252000
chr05	7450000	7500000	68	28126	50000	0.5625200
chr05	7500000	7550000	49	33074	50000	0.6614800
chr05	7550000	7600000	45	41095	50000	0.8219000
chr05	7600000	7650000	76	41866	50000	0.8373200
chr05	7650000	7700000	39	48986	50000	0.9797200
chr05	7700000	7750000	49	49938	50000	0.9987600
chr05	7750000	7800000	50	49929	50000	0.9985800
chr05	7800000	7850000	46	49984	50000	0.9996800
chr05	7850000	7900000	37	50000	50000	1.0000000
chr05	7900000	7950000	37	49016	50000	0.9803200
chr05	7950000	7982397	24	32385	32397	0.9996296
chr06	0	50000	50	48639	50000	0.9727800
chr06	50000	100000	46	49643	50000	0.9928600
chr06	100000	150000	41	40531	50000	0.8106200
chr06	150000	200000	41	32619	50000	0.6523800
chr06	200000	250000	63	31498	50000	0.6299600
chr06	250000	300000	65	32718	50000	0.6543600
chr06	300000	350000	75	26376	50000	0.5275200
chr06	350000	400000	40	18124	50000	0.3624800
chr06	400000	450000	54	26242	50000	0.5248400
chr06	450000	500000	50	27228	50000	0.5445600
chr06	500000	550000	65	31493	50000	0.6298600
chr06	550000	600000	40	19829	50000	0.3965800
chr06	600000	650000	43	35884	50000	0.7176800
chr06	650000	700000	63	23571	50000	0.4714200
chr06	700000	750000	66	31706	50000	0.6341200
chr06	750000	800000	48	18513	50000	0.3702600
chr06	800000	850000	63	22509	50000	0.4501800
chr06	850000	900000	86	26420	50000	0.5284000
chr06	900000	950000	57	21635	50000	0.4327000
chr06	950000	1000000	72	17609	50000	0.3521800
chr06	1000000	1050000	66	22185	50000	0.4437000
chr06	1050000	1100000	30	11969	50000	0.2393800
chr06	1100000	1150000	38	20979	50000	0.4195800
chr06	1150000	1200000	50	15294	50000	0.3058800
chr06	1200000	1250000	75	13626	50000	0.2725200
chr06	1250000	1300000	43	18616	50000	0.3723200
chr06	1300000	1350000	41	31333	50000	0.6266600
chr06	1350000	1400000	53	15958	50000	0.3191600
chr06	1400000	1450000	43	16319	50000	0.3263800
chr06	1450000	1500000	58	29011	50000	0.5802200
chr06	1500000	1550000	38	31032	50000	0.6206400
chr06	1550000	1600000	51	31593	50000	0.6318600
chr06	1600000	1650000	55	21756	50000	0.4351200
chr06	1650000	1700000	51	44726	50000	0.8945200
chr06	1700000	1750000	72	19104	50000	0.3820800
chr06	1750000	1800000	54	22290	50000	0.4458000
chr06	1800000	1850000	52	27864	50000	0.5572800
chr06	1850000	1900000	50	33727	50000	0.6745400
chr06	1900000	1950000	67	16122	50000	0.3224400
chr06	1950000	2000000	63	23791	50000	0.4758200
chr06	2000000	2050000	52	30991	50000	0.6198200
chr06	2050000	2100000	49	28025	50000	0.5605000
chr06	2100000	2150000	58	36700	50000	0.7340000
chr06	2150000	2200000	62	32760	50000	0.6552000
chr06	2200000	2250000	54	20611	50000	0.4122200
chr06	2250000	2300000	59	31563	50000	0.6312600
chr06	2300000	2350000	42	32968	50000	0.6593600
chr06	2350000	2400000	62	22776	50000	0.4555200
chr06	2400000	2450000	60	20770	50000	0.4154000
chr06	2450000	2500000	38	28833	50000	0.5766600
chr06	2500000	2550000	50	19778	50000	0.3955600
chr06	2550000	2600000	48	19783	50000	0.3956600
chr06	2600000	2650000	48	24051	50000	0.4810200
chr06	2650000	2700000	64	32932	50000	0.6586400
chr06	2700000	2750000	45	23798	50000	0.4759600
chr06	2750000	2800000	63	34812	50000	0.6962400
chr06	2800000	2850000	46	19691	50000	0.3938200
chr06	2850000	2900000	39	22415	50000	0.4483000
chr06	2900000	2950000	40	17921	50000	0.3584200
chr06	2950000	3000000	50	25393	50000	0.5078600
chr06	3000000	3050000	39	41913	50000	0.8382600
chr06	3050000	3100000	41	32125	50000	0.6425000
chr06	3100000	3150000	49	28148	50000	0.5629600
chr06	3150000	3200000	55	49271	50000	0.9854200
chr06	3200000	3250000	50	49267	50000	0.9853400
chr06	3250000	3300000	38	49722	50000	0.9944400
chr06	3300000	3350000	37	49916	50000	0.9983200
chr06	3350000	3400000	52	49253	50000	0.9850600
chr06	3400000	3450000	50	47244	50000	0.9448800
chr06	3450000	3500000	45	44893	50000	0.8978600
chr06	3500000	3550000	28	49976	50000	0.9995200
chr06	3550000	3600000	50	48543	50000	0.9708600
chr06	3600000	3650000	27	48591	50000	0.9718200
chr06	3650000	3700000	31	49628	50000	0.9925600
chr06	3700000	3750000	42	49558	50000	0.9911600
chr06	3750000	3800000	51	48480	50000	0.9696000
chr06	3800000	3850000	31	48809	50000	0.9761800
chr06	3850000	3900000	34	49606	50000	0.9921200
chr06	3900000	3950000	24	49353	50000	0.9870600
chr06	3950000	4000000	41	49599	50000	0.9919800
chr06	4000000	4050000	39	49368	50000	0.9873600
chr06	4050000	4100000	22	49627	50000	0.9925400
chr06	4100000	4150000	11	50000	50000	1.0000000
chr06	4150000	4200000	16	49853	50000	0.9970600
chr06	4200000	4250000	45	48982	50000	0.9796400
chr06	4250000	4300000	31	49824	50000	0.9964800
chr06	4300000	4350000	30	47736	50000	0.9547200
chr06	4350000	4400000	53	47031	50000	0.9406200
chr06	4400000	4450000	18	49988	50000	0.9997600
chr06	4450000	4500000	38	49308	50000	0.9861600
chr06	4500000	4550000	47	44885	50000	0.8977000
chr06	4550000	4600000	51	25976	50000	0.5195200
chr06	4600000	4650000	48	37975	50000	0.7595000
chr06	4650000	4700000	52	32284	50000	0.6456800
chr06	4700000	4750000	51	28846	50000	0.5769200
chr06	4750000	4800000	49	33515	50000	0.6703000
chr06	4800000	4850000	42	34409	50000	0.6881800
chr06	4850000	4900000	53	31945	50000	0.6389000
chr06	4900000	4950000	41	25593	50000	0.5118600
chr06	4950000	5000000	55	35344	50000	0.7068800
chr06	5000000	5050000	56	26111	50000	0.5222200
chr06	5050000	5100000	60	40899	50000	0.8179800
chr06	5100000	5150000	49	23239	50000	0.4647800
chr06	5150000	5200000	62	17382	50000	0.3476400
chr06	5200000	5250000	46	24570	50000	0.4914000
chr06	5250000	5300000	39	33512	50000	0.6702400
chr06	5300000	5350000	50	34113	50000	0.6822600
chr06	5350000	5400000	62	22249	50000	0.4449800
chr06	5400000	5450000	54	29776	50000	0.5955200
chr06	5450000	5500000	44	36717	50000	0.7343400
chr06	5500000	5550000	56	30769	50000	0.6153800
chr06	5550000	5600000	47	21563	50000	0.4312600
chr06	5600000	5650000	49	17335	50000	0.3467000
chr06	5650000	5700000	44	20005	50000	0.4001000
chr06	5700000	5750000	52	15546	50000	0.3109200
chr06	5750000	5800000	80	26691	50000	0.5338200
chr06	5800000	5850000	46	26055	50000	0.5211000
chr06	5850000	5900000	68	30457	50000	0.6091400
chr06	5900000	5950000	48	19135	50000	0.3827000
chr06	5950000	6000000	45	25367	50000	0.5073400
chr06	6000000	6050000	48	27417	50000	0.5483400
chr06	6050000	6100000	81	34288	50000	0.6857600
chr06	6100000	6150000	48	37752	50000	0.7550400
chr06	6150000	6200000	61	49530	50000	0.9906000
chr06	6200000	6250000	55	49773	50000	0.9954600
chr06	6250000	6300000	52	49848	50000	0.9969600
chr06	6300000	6350000	57	41319	50000	0.8263800
chr06	6350000	6400000	46	36296	50000	0.7259200
chr06	6400000	6450000	66	24229	50000	0.4845800
chr06	6450000	6500000	34	26263	50000	0.5252600
chr06	6500000	6550000	50	22759	50000	0.4551800
chr06	6550000	6600000	30	16933	50000	0.3386600
chr06	6600000	6650000	65	27875	50000	0.5575000
chr06	6650000	6700000	38	25346	50000	0.5069200
chr06	6700000	6750000	72	29108	50000	0.5821600
chr06	6750000	6800000	53	29379	50000	0.5875800
chr06	6800000	6850000	77	29895	50000	0.5979000
chr06	6850000	6900000	49	11739	50000	0.2347800
chr06	6900000	6950000	58	23728	50000	0.4745600
chr06	6950000	7000000	36	29983	50000	0.5996600
chr06	7000000	7050000	36	49758	50000	0.9951600
chr06	7050000	7100000	38	49387	50000	0.9877400
chr06	7100000	7150000	41	48691	50000	0.9738200
chr06	7150000	7151912	3	1336	1912	0.6987448
chr07	0	50000	30	49222	50000	0.9844400
chr07	50000	100000	34	48257	50000	0.9651400
chr07	100000	150000	38	49798	50000	0.9959600
chr07	150000	200000	40	49575	50000	0.9915000
chr07	200000	250000	39	49831	50000	0.9966200
chr07	250000	300000	54	37089	50000	0.7417800
chr07	300000	350000	46	34969	50000	0.6993800
chr07	350000	400000	47	29440	50000	0.5888000
chr07	400000	450000	69	32943	50000	0.6588600
chr07	450000	500000	63	25097	50000	0.5019400
chr07	500000	550000	63	20920	50000	0.4184000
chr07	550000	600000	63	25955	50000	0.5191000
chr07	600000	650000	74	24883	50000	0.4976600
chr07	650000	700000	45	6226	50000	0.1245200
chr07	700000	750000	63	13898	50000	0.2779600
chr07	750000	800000	69	31863	50000	0.6372600
chr07	800000	850000	65	30083	50000	0.6016600
chr07	850000	900000	59	27084	50000	0.5416800
chr07	900000	950000	61	18936	50000	0.3787200
chr07	950000	1000000	45	19815	50000	0.3963000
chr07	1000000	1050000	62	23632	50000	0.4726400
chr07	1050000	1100000	46	14310	50000	0.2862000
chr07	1100000	1150000	62	16454	50000	0.3290800
chr07	1150000	1200000	58	40405	50000	0.8081000
chr07	1200000	1250000	46	23018	50000	0.4603600
chr07	1250000	1300000	54	31481	50000	0.6296200
chr07	1300000	1350000	57	27791	50000	0.5558200
chr07	1350000	1400000	70	23540	50000	0.4708000
chr07	1400000	1450000	73	29095	50000	0.5819000
chr07	1450000	1500000	43	24591	50000	0.4918200
chr07	1500000	1550000	44	27804	50000	0.5560800
chr07	1550000	1600000	62	23903	50000	0.4780600
chr07	1600000	1650000	66	30653	50000	0.6130600
chr07	1650000	1700000	77	28515	50000	0.5703000
chr07	1700000	1750000	40	19607	50000	0.3921400
chr07	1750000	1800000	63	19153	50000	0.3830600
chr07	1800000	1850000	64	26089	50000	0.5217800
chr07	1850000	1900000	40	25163	50000	0.5032600
chr07	1900000	1950000	52	33125	50000	0.6625000
chr07	1950000	2000000	63	16416	50000	0.3283200
chr07	2000000	2050000	53	26581	50000	0.5316200
chr07	2050000	2100000	70	46705	50000	0.9341000
chr07	2100000	2150000	44	48854	50000	0.9770800
chr07	2150000	2200000	50	49727	50000	0.9945400
chr07	2200000	2250000	41	49739	50000	0.9947800
chr07	2250000	2300000	41	48580	50000	0.9716000
chr07	2300000	2350000	55	49379	50000	0.9875800
chr07	2350000	2400000	38	49244	50000	0.9848800
chr07	2400000	2450000	39	49619	50000	0.9923800
chr07	2450000	2500000	47	47308	50000	0.9461600
chr07	2500000	2550000	22	49970	50000	0.9994000
chr07	2550000	2600000	43	49978	50000	0.9995600
chr07	2600000	2650000	7	49751	50000	0.9950200
chr07	2650000	2700000	29	49860	50000	0.9972000
chr07	2700000	2750000	34	49740	50000	0.9948000
chr07	2750000	2800000	28	49987	50000	0.9997400
chr07	2800000	2850000	37	49954	50000	0.9990800
chr07	2850000	2900000	34	48983	50000	0.9796600
chr07	2900000	2950000	35	49980	50000	0.9996000
chr07	2950000	3000000	32	49955	50000	0.9991000
chr07	3000000	3050000	30	49955	50000	0.9991000
chr07	3050000	3100000	41	48968	50000	0.9793600
chr07	3100000	3150000	33	49925	50000	0.9985000
chr07	3150000	3200000	37	49097	50000	0.9819400
chr07	3200000	3250000	51	47675	50000	0.9535000
chr07	3250000	3300000	56	39151	50000	0.7830200
chr07	3300000	3350000	52	26996	50000	0.5399200
chr07	3350000	3400000	60	39222	50000	0.7844400
chr07	3400000	3450000	29	19735	50000	0.3947000
chr07	3450000	3500000	38	21898	50000	0.4379600
chr07	3500000	3550000	46	22063	50000	0.4412600
chr07	3550000	3600000	49	17715	50000	0.3543000
chr07	3600000	3650000	44	11008	50000	0.2201600
chr07	3650000	3700000	67	23368	50000	0.4673600
chr07	3700000	3750000	48	22699	50000	0.4539800
chr07	3750000	3800000	58	33885	50000	0.6777000
chr07	3800000	3850000	53	26719	50000	0.5343800
chr07	3850000	3900000	55	18220	50000	0.3644000
chr07	3900000	3950000	50	27821	50000	0.5564200
chr07	3950000	4000000	39	26766	50000	0.5353200
chr07	4000000	4050000	46	18689	50000	0.3737800
chr07	4050000	4100000	34	23845	50000	0.4769000
chr07	4100000	4150000	63	32660	50000	0.6532000
chr07	4150000	4200000	54	23635	50000	0.4727000
chr07	4200000	4250000	29	13738	50000	0.2747600
chr07	4250000	4300000	63	37867	50000	0.7573400
chr07	4300000	4350000	56	23981	50000	0.4796200
chr07	4350000	4400000	52	20271	50000	0.4054200
chr07	4400000	4450000	53	15322	50000	0.3064400
chr07	4450000	4500000	49	25913	50000	0.5182600
chr07	4500000	4550000	46	17156	50000	0.3431200
chr07	4550000	4600000	28	17416	50000	0.3483200
chr07	4600000	4650000	56	20678	50000	0.4135600
chr07	4650000	4700000	40	28037	50000	0.5607400
chr07	4700000	4750000	56	18735	50000	0.3747000
chr07	4750000	4800000	49	22303	50000	0.4460600
chr07	4800000	4850000	75	35134	50000	0.7026800
chr07	4850000	4900000	50	32351	50000	0.6470200
chr07	4900000	4950000	47	37131	50000	0.7426200
chr07	4950000	5000000	51	19718	50000	0.3943600
chr07	5000000	5050000	57	33763	50000	0.6752600
chr07	5050000	5100000	41	18372	50000	0.3674400
chr07	5100000	5150000	57	24714	50000	0.4942800
chr07	5150000	5200000	46	23961	50000	0.4792200
chr07	5200000	5250000	48	18202	50000	0.3640400
chr07	5250000	5300000	65	35602	50000	0.7120400
chr07	5300000	5350000	48	33521	50000	0.6704200
chr07	5350000	5400000	29	49917	50000	0.9983400
chr07	5400000	5450000	55	22080	50000	0.4416000
chr07	5450000	5500000	53	15267	50000	0.3053400
chr07	5500000	5550000	41	30992	50000	0.6198400
chr07	5550000	5600000	52	17476	50000	0.3495200
chr07	5600000	5650000	41	21145	50000	0.4229000
chr07	5650000	5700000	49	26534	50000	0.5306800
chr07	5700000	5750000	48	28142	50000	0.5628400
chr07	5750000	5800000	67	28044	50000	0.5608800
chr07	5800000	5850000	48	20751	50000	0.4150200
chr07	5850000	5900000	35	20893	50000	0.4178600
chr07	5900000	5950000	43	22398	50000	0.4479600
chr07	5950000	6000000	67	27608	50000	0.5521600
chr07	6000000	6050000	42	13328	50000	0.2665600
chr07	6050000	6100000	67	37731	50000	0.7546200
chr07	6100000	6150000	47	29283	50000	0.5856600
chr07	6150000	6200000	44	22442	50000	0.4488400
chr07	6200000	6250000	33	24120	50000	0.4824000
chr07	6250000	6300000	50	21236	50000	0.4247200
chr07	6300000	6350000	46	19059	50000	0.3811800
chr07	6350000	6400000	43	15718	50000	0.3143600
chr07	6400000	6450000	54	17740	50000	0.3548000
chr07	6450000	6500000	52	19268	50000	0.3853600
chr07	6500000	6550000	70	23010	50000	0.4602000
chr07	6550000	6600000	67	26878	50000	0.5375600
chr07	6600000	6650000	55	47843	50000	0.9568600
chr07	6650000	6658188	6	8089	8188	0.9879091
chr08	0	50000	35	49462	50000	0.9892400
chr08	50000	100000	36	49332	50000	0.9866400
chr08	100000	150000	57	49652	50000	0.9930400
chr08	150000	200000	33	48561	50000	0.9712200
chr08	200000	250000	47	49368	50000	0.9873600
chr08	250000	300000	44	48971	50000	0.9794200
chr08	300000	350000	41	33717	50000	0.6743400
chr08	350000	400000	68	29186	50000	0.5837200
chr08	400000	450000	48	29331	50000	0.5866200
chr08	450000	500000	58	23684	50000	0.4736800
chr08	500000	550000	41	16076	50000	0.3215200
chr08	550000	600000	68	13364	50000	0.2672800
chr08	600000	650000	52	14613	50000	0.2922600
chr08	650000	700000	51	27985	50000	0.5597000
chr08	700000	750000	56	20094	50000	0.4018800
chr08	750000	800000	81	37253	50000	0.7450600
chr08	800000	850000	67	44331	50000	0.8866200
chr08	850000	900000	71	44100	50000	0.8820000
chr08	900000	950000	38	49686	50000	0.9937200
chr08	950000	1000000	29	50000	50000	1.0000000
chr08	1000000	1050000	38	49924	50000	0.9984800
chr08	1050000	1100000	34	44815	50000	0.8963000
chr08	1100000	1150000	38	47375	50000	0.9475000
chr08	1150000	1200000	34	49972	50000	0.9994400
chr08	1200000	1250000	38	49223	50000	0.9844600
chr08	1250000	1300000	33	49801	50000	0.9960200
chr08	1300000	1350000	29	49774	50000	0.9954800
chr08	1350000	1400000	34	49091	50000	0.9818200
chr08	1400000	1450000	50	49922	50000	0.9984400
chr08	1450000	1500000	32	49096	50000	0.9819200
chr08	1500000	1550000	49	44815	50000	0.8963000
chr08	1550000	1600000	28	49683	50000	0.9936600
chr08	1600000	1650000	13	49979	50000	0.9995800
chr08	1650000	1700000	25	49696	50000	0.9939200
chr08	1700000	1750000	32	49213	50000	0.9842600
chr08	1750000	1800000	29	49599	50000	0.9919800
chr08	1800000	1850000	33	49788	50000	0.9957600
chr08	1850000	1900000	28	49443	50000	0.9888600
chr08	1900000	1950000	30	49733	50000	0.9946600
chr08	1950000	2000000	38	49209	50000	0.9841800
chr08	2000000	2050000	40	48732	50000	0.9746400
chr08	2050000	2100000	51	45482	50000	0.9096400
chr08	2100000	2150000	37	41383	50000	0.8276600
chr08	2150000	2200000	40	19964	50000	0.3992800
chr08	2200000	2250000	59	24044	50000	0.4808800
chr08	2250000	2300000	68	26791	50000	0.5358200
chr08	2300000	2350000	43	14813	50000	0.2962600
chr08	2350000	2400000	42	17813	50000	0.3562600
chr08	2400000	2450000	52	31901	50000	0.6380200
chr08	2450000	2500000	57	46126	50000	0.9225200
chr08	2500000	2550000	67	40646	50000	0.8129200
chr08	2550000	2600000	50	41651	50000	0.8330200
chr08	2600000	2650000	65	43662	50000	0.8732400
chr08	2650000	2700000	64	38313	50000	0.7662600
chr08	2700000	2750000	75	42976	50000	0.8595200
chr08	2750000	2800000	57	32561	50000	0.6512200
chr08	2800000	2850000	60	33266	50000	0.6653200
chr08	2850000	2900000	47	17031	50000	0.3406200
chr08	2900000	2950000	57	21193	50000	0.4238600
chr08	2950000	3000000	65	24185	50000	0.4837000
chr08	3000000	3050000	44	24022	50000	0.4804400
chr08	3050000	3100000	56	17905	50000	0.3581000
chr08	3100000	3150000	57	14721	50000	0.2944200
chr08	3150000	3200000	65	10326	50000	0.2065200
chr08	3200000	3250000	41	25993	50000	0.5198600
chr08	3250000	3300000	48	24685	50000	0.4937000
chr08	3300000	3350000	81	27851	50000	0.5570200
chr08	3350000	3400000	41	30363	50000	0.6072600
chr08	3400000	3450000	53	22989	50000	0.4597800
chr08	3450000	3500000	47	33976	50000	0.6795200
chr08	3500000	3550000	64	29832	50000	0.5966400
chr08	3550000	3600000	86	26906	50000	0.5381200
chr08	3600000	3650000	69	30251	50000	0.6050200
chr08	3650000	3700000	146	49263	50000	0.9852600
chr08	3700000	3750000	147	45782	50000	0.9156400
chr08	3750000	3800000	57	25209	50000	0.5041800
chr08	3800000	3850000	47	13693	50000	0.2738600
chr08	3850000	3900000	63	17817	50000	0.3563400
chr08	3900000	3950000	58	24245	50000	0.4849000
chr08	3950000	4000000	27	16610	50000	0.3322000
chr08	4000000	4050000	62	23066	50000	0.4613200
chr08	4050000	4100000	52	16968	50000	0.3393600
chr08	4100000	4150000	53	35393	50000	0.7078600
chr08	4150000	4200000	29	48694	50000	0.9738800
chr08	4200000	4250000	60	49832	50000	0.9966400
chr08	4250000	4300000	66	49989	50000	0.9997800
chr08	4300000	4350000	29	49971	50000	0.9994200
chr08	4350000	4400000	31	41129	50000	0.8225800
chr08	4400000	4450000	43	22977	50000	0.4595400
chr08	4450000	4500000	61	28857	50000	0.5771400
chr08	4500000	4550000	37	32952	50000	0.6590400
chr08	4550000	4600000	52	15229	50000	0.3045800
chr08	4600000	4650000	67	28055	50000	0.5611000
chr08	4650000	4700000	62	25419	50000	0.5083800
chr08	4700000	4750000	55	43936	50000	0.8787200
chr08	4750000	4800000	30	47657	50000	0.9531400
chr08	4800000	4850000	47	44186	50000	0.8837200
chr08	4850000	4900000	53	35059	50000	0.7011800
chr08	4900000	4950000	57	43437	50000	0.8687400
chr08	4950000	5000000	41	19725	50000	0.3945000
chr08	5000000	5050000	37	45423	50000	0.9084600
chr08	5050000	5100000	38	28582	50000	0.5716400
chr08	5100000	5150000	54	33280	50000	0.6656000
chr08	5150000	5200000	70	37638	50000	0.7527600
chr08	5200000	5250000	54	38627	50000	0.7725400
chr08	5250000	5300000	68	38715	50000	0.7743000
chr08	5300000	5350000	60	40500	50000	0.8100000
chr08	5350000	5400000	67	36773	50000	0.7354600
chr08	5400000	5450000	58	48753	50000	0.9750600
chr08	5450000	5500000	67	44052	50000	0.8810400
chr08	5500000	5550000	47	29573	50000	0.5914600
chr08	5550000	5600000	57	27583	50000	0.5516600
chr08	5600000	5650000	58	39018	50000	0.7803600
chr08	5650000	5700000	51	35959	50000	0.7191800
chr08	5700000	5750000	53	37330	50000	0.7466000
chr08	5750000	5800000	65	44645	50000	0.8929000
chr08	5800000	5850000	53	36805	50000	0.7361000
chr08	5850000	5900000	52	34023	50000	0.6804600
chr08	5900000	5950000	45	23049	50000	0.4609800
chr08	5950000	6000000	45	40986	50000	0.8197200
chr08	6000000	6050000	59	36154	50000	0.7230800
chr08	6050000	6100000	61	37395	50000	0.7479000
chr08	6100000	6150000	36	43354	50000	0.8670800
chr08	6150000	6200000	54	49816	50000	0.9963200
chr08	6200000	6212290	11	12279	12290	0.9991050
chr09	0	50000	52	48068	50000	0.9613600
chr09	50000	100000	35	49864	50000	0.9972800
chr09	100000	150000	42	48799	50000	0.9759800
chr09	150000	200000	31	49985	50000	0.9997000
chr09	200000	250000	29	49945	50000	0.9989000
chr09	250000	300000	36	49745	50000	0.9949000
chr09	300000	350000	47	49281	50000	0.9856200
chr09	350000	400000	37	49636	50000	0.9927200
chr09	400000	450000	33	49436	50000	0.9887200
chr09	450000	500000	60	47727	50000	0.9545400
chr09	500000	550000	57	35789	50000	0.7157800
chr09	550000	600000	46	40285	50000	0.8057000
chr09	600000	650000	62	35201	50000	0.7040200
chr09	650000	700000	43	8015	50000	0.1603000
chr09	700000	750000	47	12646	50000	0.2529200
chr09	750000	800000	46	24134	50000	0.4826800
chr09	800000	850000	45	29702	50000	0.5940400
chr09	850000	900000	61	36947	50000	0.7389400
chr09	900000	950000	36	26046	50000	0.5209200
chr09	950000	1000000	76	14345	50000	0.2869000
chr09	1000000	1050000	49	27769	50000	0.5553800
chr09	1050000	1100000	48	20922	50000	0.4184400
chr09	1100000	1150000	55	20776	50000	0.4155200
chr09	1150000	1200000	64	18664	50000	0.3732800
chr09	1200000	1250000	47	25936	50000	0.5187200
chr09	1250000	1300000	66	17439	50000	0.3487800
chr09	1300000	1350000	49	9469	50000	0.1893800
chr09	1350000	1400000	57	28593	50000	0.5718600
chr09	1400000	1450000	34	12538	50000	0.2507600
chr09	1450000	1500000	39	23705	50000	0.4741000
chr09	1500000	1550000	60	44416	50000	0.8883200
chr09	1550000	1600000	39	39826	50000	0.7965200
chr09	1600000	1650000	46	48716	50000	0.9743200
chr09	1650000	1700000	51	49131	50000	0.9826200
chr09	1700000	1750000	40	49997	50000	0.9999400
chr09	1750000	1800000	22	48843	50000	0.9768600
chr09	1800000	1850000	24	49792	50000	0.9958400
chr09	1850000	1900000	32	49162	50000	0.9832400
chr09	1900000	1950000	40	48930	50000	0.9786000
chr09	1950000	2000000	30	49906	50000	0.9981200
chr09	2000000	2050000	49	47563	50000	0.9512600
chr09	2050000	2100000	38	49979	50000	0.9995800
chr09	2100000	2150000	36	48383	50000	0.9676600
chr09	2150000	2200000	34	48849	50000	0.9769800
chr09	2200000	2250000	49	49623	50000	0.9924600
chr09	2250000	2300000	32	48746	50000	0.9749200
chr09	2300000	2350000	35	49599	50000	0.9919800
chr09	2350000	2400000	30	49478	50000	0.9895600
chr09	2400000	2450000	41	49145	50000	0.9829000
chr09	2450000	2500000	38	46786	50000	0.9357200
chr09	2500000	2550000	30	48881	50000	0.9776200
chr09	2550000	2600000	42	47738	50000	0.9547600
chr09	2600000	2650000	31	49361	50000	0.9872200
chr09	2650000	2700000	29	49969	50000	0.9993800
chr09	2700000	2750000	33	49754	50000	0.9950800
chr09	2750000	2800000	19	49924	50000	0.9984800
chr09	2800000	2850000	34	49898	50000	0.9979600
chr09	2850000	2900000	67	48451	50000	0.9690200
chr09	2900000	2950000	53	37581	50000	0.7516200
chr09	2950000	3000000	20	49896	50000	0.9979200
chr09	3000000	3050000	24	49883	50000	0.9976600
chr09	3050000	3100000	21	49881	50000	0.9976200
chr09	3100000	3150000	17	49897	50000	0.9979400
chr09	3150000	3200000	20	49896	50000	0.9979200
chr09	3200000	3250000	52	42257	50000	0.8451400
chr09	3250000	3300000	59	35864	50000	0.7172800
chr09	3300000	3350000	43	24099	50000	0.4819800
chr09	3350000	3400000	40	36573	50000	0.7314600
chr09	3400000	3450000	50	37256	50000	0.7451200
chr09	3450000	3500000	27	12989	50000	0.2597800
chr09	3500000	3550000	63	31710	50000	0.6342000
chr09	3550000	3600000	38	22441	50000	0.4488200
chr09	3600000	3650000	50	28587	50000	0.5717400
chr09	3650000	3700000	75	33222	50000	0.6644400
chr09	3700000	3750000	63	30157	50000	0.6031400
chr09	3750000	3800000	52	29572	50000	0.5914400
chr09	3800000	3850000	47	24904	50000	0.4980800
chr09	3850000	3900000	55	32525	50000	0.6505000
chr09	3900000	3950000	41	19009	50000	0.3801800
chr09	3950000	4000000	73	25144	50000	0.5028800
chr09	4000000	4050000	75	26582	50000	0.5316400
chr09	4050000	4100000	41	25510	50000	0.5102000
chr09	4100000	4150000	52	19500	50000	0.3900000
chr09	4150000	4200000	36	24514	50000	0.4902800
chr09	4200000	4250000	44	12702	50000	0.2540400
chr09	4250000	4300000	57	24666	50000	0.4933200
chr09	4300000	4350000	64	24803	50000	0.4960600
chr09	4350000	4400000	82	20731	50000	0.4146200
chr09	4400000	4450000	47	32837	50000	0.6567400
chr09	4450000	4500000	64	24621	50000	0.4924200
chr09	4500000	4550000	49	32840	50000	0.6568000
chr09	4550000	4600000	53	29440	50000	0.5888000
chr09	4600000	4650000	45	30844	50000	0.6168800
chr09	4650000	4700000	47	17239	50000	0.3447800
chr09	4700000	4750000	49	17949	50000	0.3589800
chr09	4750000	4800000	70	23961	50000	0.4792200
chr09	4800000	4850000	50	24320	50000	0.4864000
chr09	4850000	4900000	47	26372	50000	0.5274400
chr09	4900000	4950000	62	8399	50000	0.1679800
chr09	4950000	5000000	56	22655	50000	0.4531000
chr09	5000000	5050000	62	19988	50000	0.3997600
chr09	5050000	5100000	55	31543	50000	0.6308600
chr09	5100000	5150000	46	35500	50000	0.7100000
chr09	5150000	5200000	58	26819	50000	0.5363800
chr09	5200000	5250000	49	32394	50000	0.6478800
chr09	5250000	5300000	43	44394	50000	0.8878800
chr09	5300000	5350000	45	50000	50000	1.0000000
chr09	5350000	5400000	46	49858	50000	0.9971600
chr09	5400000	5450000	54	40166	50000	0.8033200
chr09	5450000	5500000	60	38710	50000	0.7742000
chr09	5500000	5550000	48	29162	50000	0.5832400
chr09	5550000	5600000	42	23107	50000	0.4621400
chr09	5600000	5650000	44	15715	50000	0.3143000
chr09	5650000	5700000	43	18914	50000	0.3782800
chr09	5700000	5750000	74	31973	50000	0.6394600
chr09	5750000	5800000	45	17476	50000	0.3495200
chr09	5800000	5850000	53	13517	50000	0.2703400
chr09	5850000	5900000	51	32034	50000	0.6406800
chr09	5900000	5950000	64	24569	50000	0.4913800
chr09	5950000	6000000	51	32696	50000	0.6539200
chr09	6000000	6050000	59	46005	50000	0.9201000
chr09	6050000	6071994	17	21401	21994	0.9730381
chr10	0	50000	52	49508	50000	0.9901600
chr10	50000	100000	49	49059	50000	0.9811800
chr10	100000	150000	38	49990	50000	0.9998000
chr10	150000	200000	55	48679	50000	0.9735800
chr10	200000	250000	52	40826	50000	0.8165200
chr10	250000	300000	58	37697	50000	0.7539400
chr10	300000	350000	40	48285	50000	0.9657000
chr10	350000	400000	62	41446	50000	0.8289200
chr10	400000	450000	50	25879	50000	0.5175800
chr10	450000	500000	37	48485	50000	0.9697000
chr10	500000	550000	35	49640	50000	0.9928000
chr10	550000	600000	30	49914	50000	0.9982800
chr10	600000	650000	45	49311	50000	0.9862200
chr10	650000	700000	35	49932	50000	0.9986400
chr10	700000	750000	34	49661	50000	0.9932200
chr10	750000	800000	35	49791	50000	0.9958200
chr10	800000	850000	32	49678	50000	0.9935600
chr10	850000	900000	36	49697	50000	0.9939400
chr10	900000	950000	26	49814	50000	0.9962800
chr10	950000	1000000	50	49221	50000	0.9844200
chr10	1000000	1050000	38	49996	50000	0.9999200
chr10	1050000	1100000	18	49808	50000	0.9961600
chr10	1100000	1150000	34	49990	50000	0.9998000
chr10	1150000	1200000	33	49973	50000	0.9994600
chr10	1200000	1250000	41	49362	50000	0.9872400
chr10	1250000	1300000	46	46839	50000	0.9367800
chr10	1300000	1350000	48	49713	50000	0.9942600
chr10	1350000	1400000	58	45919	50000	0.9183800
chr10	1400000	1450000	50	41271	50000	0.8254200
chr10	1450000	1500000	67	30234	50000	0.6046800
chr10	1500000	1550000	48	30581	50000	0.6116200
chr10	1550000	1600000	57	23356	50000	0.4671200
chr10	1600000	1650000	44	9364	50000	0.1872800
chr10	1650000	1700000	30	9764	50000	0.1952800
chr10	1700000	1750000	30	23689	50000	0.4737800
chr10	1750000	1800000	47	33086	50000	0.6617200
chr10	1800000	1850000	42	24320	50000	0.4864000
chr10	1850000	1900000	54	27629	50000	0.5525800
chr10	1900000	1950000	72	34912	50000	0.6982400
chr10	1950000	2000000	65	14141	50000	0.2828200
chr10	2000000	2050000	68	27528	50000	0.5505600
chr10	2050000	2100000	59	30315	50000	0.6063000
chr10	2100000	2150000	44	25536	50000	0.5107200
chr10	2150000	2200000	49	25246	50000	0.5049200
chr10	2200000	2250000	26	15586	50000	0.3117200
chr10	2250000	2300000	29	17828	50000	0.3565600
chr10	2300000	2350000	37	20270	50000	0.4054000
chr10	2350000	2400000	52	23018	50000	0.4603600
chr10	2400000	2450000	53	27531	50000	0.5506200
chr10	2450000	2500000	45	10798	50000	0.2159600
chr10	2500000	2550000	38	18593	50000	0.3718600
chr10	2550000	2600000	58	27611	50000	0.5522200
chr10	2600000	2650000	53	26702	50000	0.5340400
chr10	2650000	2700000	52	18333	50000	0.3666600
chr10	2700000	2750000	39	23325	50000	0.4665000
chr10	2750000	2800000	43	13287	50000	0.2657400
chr10	2800000	2850000	39	14793	50000	0.2958600
chr10	2850000	2900000	78	16720	50000	0.3344000
chr10	2900000	2950000	70	17569	50000	0.3513800
chr10	2950000	3000000	87	34156	50000	0.6831200
chr10	3000000	3050000	48	18233	50000	0.3646600
chr10	3050000	3100000	59	20207	50000	0.4041400
chr10	3100000	3150000	73	22235	50000	0.4447000
chr10	3150000	3200000	56	36548	50000	0.7309600
chr10	3200000	3250000	52	37933	50000	0.7586600
chr10	3250000	3300000	50	30634	50000	0.6126800
chr10	3300000	3350000	28	20482	50000	0.4096400
chr10	3350000	3400000	60	19097	50000	0.3819400
chr10	3400000	3450000	51	24849	50000	0.4969800
chr10	3450000	3500000	46	30252	50000	0.6050400
chr10	3500000	3550000	47	19120	50000	0.3824000
chr10	3550000	3600000	41	19170	50000	0.3834000
chr10	3600000	3650000	48	16581	50000	0.3316200
chr10	3650000	3700000	39	13032	50000	0.2606400
chr10	3700000	3750000	64	12680	50000	0.2536000
chr10	3750000	3800000	34	19987	50000	0.3997400
chr10	3800000	3850000	55	24693	50000	0.4938600
chr10	3850000	3900000	58	20737	50000	0.4147400
chr10	3900000	3950000	42	29520	50000	0.5904000
chr10	3950000	4000000	50	15757	50000	0.3151400
chr10	4000000	4050000	67	12193	50000	0.2438600
chr10	4050000	4100000	38	10265	50000	0.2053000
chr10	4100000	4150000	45	16975	50000	0.3395000
chr10	4150000	4200000	65	34168	50000	0.6833600
chr10	4200000	4250000	48	45481	50000	0.9096200
chr10	4250000	4300000	76	49469	50000	0.9893800
chr10	4300000	4350000	45	49475	50000	0.9895000
chr10	4350000	4400000	36	49258	50000	0.9851600
chr10	4400000	4450000	51	48999	50000	0.9799800
chr10	4450000	4493462	29	38221	43462	0.8794119
chr11	0	50000	44	48356	50000	0.9671200
chr11	50000	100000	38	45675	50000	0.9135000
chr11	100000	150000	50	32685	50000	0.6537000
chr11	150000	200000	48	33538	50000	0.6707600
chr11	200000	250000	36	37618	50000	0.7523600
chr11	250000	300000	67	20259	50000	0.4051800
chr11	300000	350000	43	16031	50000	0.3206200
chr11	350000	400000	74	25292	50000	0.5058400
chr11	400000	450000	65	22609	50000	0.4521800
chr11	450000	500000	46	17012	50000	0.3402400
chr11	500000	550000	38	20499	50000	0.4099800
chr11	550000	600000	50	24998	50000	0.4999600
chr11	600000	650000	46	25036	50000	0.5007200
chr11	650000	700000	46	26767	50000	0.5353400
chr11	700000	750000	49	23615	50000	0.4723000
chr11	750000	800000	68	27499	50000	0.5499800
chr11	800000	850000	63	26657	50000	0.5331400
chr11	850000	900000	81	27178	50000	0.5435600
chr11	900000	950000	63	29854	50000	0.5970800
chr11	950000	1000000	40	26365	50000	0.5273000
chr11	1000000	1050000	56	22195	50000	0.4439000
chr11	1050000	1100000	72	16926	50000	0.3385200
chr11	1100000	1150000	52	19735	50000	0.3947000
chr11	1150000	1200000	59	35614	50000	0.7122800
chr11	1200000	1250000	46	16790	50000	0.3358000
chr11	1250000	1300000	38	14509	50000	0.2901800
chr11	1300000	1350000	59	28488	50000	0.5697600
chr11	1350000	1400000	46	14738	50000	0.2947600
chr11	1400000	1450000	50	23917	50000	0.4783400
chr11	1450000	1500000	43	32893	50000	0.6578600
chr11	1500000	1550000	34	35113	50000	0.7022600
chr11	1550000	1600000	43	48648	50000	0.9729600
chr11	1600000	1650000	42	49821	50000	0.9964200
chr11	1650000	1700000	28	49812	50000	0.9962400
chr11	1700000	1750000	39	49826	50000	0.9965200
chr11	1750000	1800000	39	48504	50000	0.9700800
chr11	1800000	1850000	38	49306	50000	0.9861200
chr11	1850000	1900000	36	49483	50000	0.9896600
chr11	1900000	1950000	34	49855	50000	0.9971000
chr11	1950000	2000000	40	49340	50000	0.9868000
chr11	2000000	2050000	33	49856	50000	0.9971200
chr11	2050000	2100000	46	49018	50000	0.9803600
chr11	2100000	2150000	30	49857	50000	0.9971400
chr11	2150000	2200000	27	45464	50000	0.9092800
chr11	2200000	2250000	39	49623	50000	0.9924600
chr11	2250000	2300000	31	49206	50000	0.9841200
chr11	2300000	2350000	34	49424	50000	0.9884800
chr11	2350000	2400000	30	49153	50000	0.9830600
chr11	2400000	2450000	37	49270	50000	0.9854000
chr11	2450000	2500000	42	49014	50000	0.9802800
chr11	2500000	2550000	53	43623	50000	0.8724600
chr11	2550000	2600000	47	42348	50000	0.8469600
chr11	2600000	2650000	65	39487	50000	0.7897400
chr11	2650000	2700000	67	39087	50000	0.7817400
chr11	2700000	2750000	65	12267	50000	0.2453400
chr11	2750000	2800000	78	23928	50000	0.4785600
chr11	2800000	2850000	84	11568	50000	0.2313600
chr11	2850000	2900000	59	17444	50000	0.3488800
chr11	2900000	2950000	50	21666	50000	0.4333200
chr11	2950000	3000000	52	29143	50000	0.5828600
chr11	3000000	3050000	66	37126	50000	0.7425200
chr11	3050000	3100000	52	42144	50000	0.8428800
chr11	3100000	3150000	62	33732	50000	0.6746400
chr11	3150000	3200000	42	21112	50000	0.4222400
chr11	3200000	3250000	49	22063	50000	0.4412600
chr11	3250000	3300000	68	48124	50000	0.9624800
chr11	3300000	3341779	39	38945	41779	0.9321669
