chr01	0	50000	0
chr01	50000	100000	0
chr01	100000	150000	2
chr01	150000	200000	0
chr01	200000	250000	0
chr01	250000	300000	5
chr01	300000	350000	5
chr01	350000	400000	5
chr01	400000	450000	9
chr01	450000	500000	7
chr01	500000	550000	5
chr01	550000	600000	4
chr01	600000	650000	8
chr01	650000	700000	5
chr01	700000	750000	5
chr01	750000	800000	8
chr01	800000	850000	7
chr01	850000	900000	4
chr01	900000	950000	3
chr01	950000	1000000	10
chr01	1000000	1050000	8
chr01	1050000	1100000	6
chr01	1100000	1150000	9
chr01	1150000	1200000	9
chr01	1200000	1250000	11
chr01	1250000	1300000	12
chr01	1300000	1350000	10
chr01	1350000	1400000	8
chr01	1400000	1450000	5
chr01	1450000	1500000	11
chr01	1500000	1550000	6
chr01	1550000	1600000	10
chr01	1600000	1650000	11
chr01	1650000	1700000	7
chr01	1700000	1750000	5
chr01	1750000	1800000	7
chr01	1800000	1850000	7
chr01	1850000	1900000	5
chr01	1900000	1950000	7
chr01	1950000	2000000	6
chr01	2000000	2050000	4
chr01	2050000	2100000	0
chr01	2100000	2150000	3
chr01	2150000	2200000	3
chr01	2200000	2250000	0
chr01	2250000	2300000	4
chr01	2300000	2350000	5
chr01	2350000	2400000	4
chr01	2400000	2450000	4
chr01	2450000	2500000	6
chr01	2500000	2550000	4
chr01	2550000	2600000	4
chr01	2600000	2650000	2
chr01	2650000	2700000	2
chr01	2700000	2750000	1
chr01	2750000	2800000	0
chr01	2800000	2850000	0
chr01	2850000	2900000	0
chr01	2900000	2950000	0
chr01	2950000	3000000	0
chr01	3000000	3050000	3
chr01	3050000	3100000	2
chr01	3100000	3150000	11
chr01	3150000	3200000	9
chr01	3200000	3250000	6
chr01	3250000	3300000	3
chr01	3300000	3350000	3
chr01	3350000	3400000	5
chr01	3400000	3450000	6
chr01	3450000	3500000	8
chr01	3500000	3550000	7
chr01	3550000	3600000	6
chr01	3600000	3650000	10
chr01	3650000	3700000	9
chr01	3700000	3750000	3
chr01	3750000	3800000	4
chr01	3800000	3850000	3
chr01	3850000	3900000	5
chr01	3900000	3950000	7
chr01	3950000	4000000	11
chr01	4000000	4050000	4
chr01	4050000	4100000	9
chr01	4100000	4150000	8
chr01	4150000	4200000	8
chr01	4200000	4250000	9
chr01	4250000	4300000	6
chr01	4300000	4350000	4
chr01	4350000	4400000	5
chr01	4400000	4450000	9
chr01	4450000	4500000	8
chr01	4500000	4550000	3
chr01	4550000	4600000	0
chr01	4600000	4650000	1
chr01	4650000	4700000	4
chr01	4700000	4750000	1
chr01	4750000	4800000	4
chr01	4800000	4850000	5
chr01	4850000	4900000	5
chr01	4900000	4950000	4
chr01	4950000	5000000	3
chr01	5000000	5050000	5
chr01	5050000	5100000	0
chr01	5100000	5150000	5
chr01	5150000	5200000	9
chr01	5200000	5250000	6
chr01	5250000	5300000	6
chr01	5300000	5350000	5
chr01	5350000	5400000	8
chr01	5400000	5450000	6
chr01	5450000	5500000	9
chr01	5500000	5550000	9
chr01	5550000	5600000	6
chr01	5600000	5650000	3
chr01	5650000	5700000	7
chr01	5700000	5750000	4
chr01	5750000	5800000	5
chr01	5800000	5850000	6
chr01	5850000	5900000	6
chr01	5900000	5950000	0
chr01	5950000	6000000	0
chr01	6000000	6050000	0
chr01	6050000	6100000	0
chr01	6100000	6150000	0
chr01	6150000	6200000	0
chr01	6200000	6250000	0
chr01	6250000	6300000	0
chr01	6300000	6350000	0
chr01	6350000	6400000	0
chr01	6400000	6450000	0
chr01	6450000	6500000	0
chr01	6500000	6550000	0
chr01	6550000	6600000	0
chr01	6600000	6650000	1
chr01	6650000	6700000	0
chr01	6700000	6750000	0
chr01	6750000	6800000	0
chr01	6800000	6850000	0
chr01	6850000	6900000	0
chr01	6900000	6950000	1
chr01	6950000	7000000	0
chr01	7000000	7050000	5
chr01	7050000	7100000	7
chr01	7100000	7150000	4
chr01	7150000	7200000	8
chr01	7200000	7250000	5
chr01	7250000	7300000	7
chr01	7300000	7350000	7
chr01	7350000	7400000	5
chr01	7400000	7450000	2
chr01	7450000	7500000	9
chr01	7500000	7550000	8
chr01	7550000	7600000	7
chr01	7600000	7650000	4
chr01	7650000	7700000	8
chr01	7700000	7750000	9
chr01	7750000	7800000	8
chr01	7800000	7850000	6
chr01	7850000	7900000	3
chr01	7900000	7950000	7
chr01	7950000	8000000	7
chr01	8000000	8050000	3
chr01	8050000	8100000	1
chr01	8100000	8150000	6
chr01	8150000	8200000	3
chr01	8200000	8250000	2
chr01	8250000	8300000	2
chr01	8300000	8350000	5
chr01	8350000	8400000	5
chr01	8400000	8450000	6
chr01	8450000	8500000	5
chr01	8500000	8550000	8
chr01	8550000	8600000	9
chr01	8600000	8650000	4
chr01	8650000	8700000	3
chr01	8700000	8750000	3
chr01	8750000	8800000	6
chr01	8800000	8850000	7
chr01	8850000	8900000	8
chr01	8900000	8950000	10
chr01	8950000	9000000	8
chr01	9000000	9050000	5
chr01	9050000	9100000	5
chr01	9100000	9150000	8
chr01	9150000	9200000	4
chr01	9200000	9250000	5
chr01	9250000	9300000	6
chr01	9300000	9350000	5
chr01	9350000	9400000	8
chr01	9400000	9450000	4
chr01	9450000	9500000	11
chr01	9500000	9550000	4
chr01	9550000	9600000	5
chr01	9600000	9650000	3
chr01	9650000	9700000	10
chr01	9700000	9750000	6
chr01	9750000	9800000	6
chr01	9800000	9850000	10
chr01	9850000	9900000	5
chr01	9900000	9950000	0
chr01	9950000	10000000	3
chr01	10000000	10050000	0
chr01	10050000	10100000	3
chr01	10100000	10150000	8
chr01	10150000	10200000	7
chr01	10200000	10250000	7
chr01	10250000	10300000	7
chr01	10300000	10350000	15
chr01	10350000	10400000	10
chr01	10400000	10450000	5
chr01	10450000	10500000	9
chr01	10500000	10550000	2
chr01	10550000	10600000	7
chr01	10600000	10650000	9
chr01	10650000	10700000	4
chr01	10700000	10750000	2
chr01	10750000	10800000	7
chr01	10800000	10850000	9
chr01	10850000	10900000	6
chr01	10900000	10950000	3
chr01	10950000	11000000	0
chr01	11000000	11050000	1
chr01	11050000	11100000	0
chr01	11100000	11150000	2
chr01	11150000	11200000	0
chr01	11200000	11250000	0
chr01	11250000	11300000	0
chr01	11300000	11303845	0
chr02	0	50000	0
chr02	50000	100000	0
chr02	100000	150000	6
chr02	150000	200000	6
chr02	200000	250000	5
chr02	250000	300000	5
chr02	300000	350000	11
chr02	350000	400000	8
chr02	400000	450000	4
chr02	450000	500000	5
chr02	500000	550000	3
chr02	550000	600000	0
chr02	600000	650000	5
chr02	650000	700000	10
chr02	700000	750000	10
chr02	750000	800000	5
chr02	800000	850000	11
chr02	850000	900000	10
chr02	900000	950000	14
chr02	950000	1000000	12
chr02	1000000	1050000	4
chr02	1050000	1100000	12
chr02	1100000	1150000	6
chr02	1150000	1200000	7
chr02	1200000	1250000	4
chr02	1250000	1300000	9
chr02	1300000	1350000	3
chr02	1350000	1400000	0
chr02	1400000	1450000	8
chr02	1450000	1500000	4
chr02	1500000	1550000	4
chr02	1550000	1600000	5
chr02	1600000	1650000	7
chr02	1650000	1700000	3
chr02	1700000	1750000	6
chr02	1750000	1800000	9
chr02	1800000	1850000	4
chr02	1850000	1900000	9
chr02	1900000	1950000	6
chr02	1950000	2000000	5
chr02	2000000	2050000	9
chr02	2050000	2100000	8
chr02	2100000	2150000	18
chr02	2150000	2200000	4
chr02	2200000	2250000	7
chr02	2250000	2300000	9
chr02	2300000	2350000	4
chr02	2350000	2400000	7
chr02	2400000	2450000	10
chr02	2450000	2500000	5
chr02	2500000	2550000	6
chr02	2550000	2600000	8
chr02	2600000	2650000	7
chr02	2650000	2700000	5
chr02	2700000	2750000	13
chr02	2750000	2800000	7
chr02	2800000	2850000	2
chr02	2850000	2900000	0
chr02	2900000	2950000	1
chr02	2950000	3000000	0
chr02	3000000	3050000	0
chr02	3050000	3100000	0
chr02	3100000	3150000	0
chr02	3150000	3200000	0
chr02	3200000	3250000	0
chr02	3250000	3300000	0
chr02	3300000	3350000	0
chr02	3350000	3400000	0
chr02	3400000	3450000	0
chr02	3450000	3500000	0
chr02	3500000	3550000	2
chr02	3550000	3600000	0
chr02	3600000	3650000	0
chr02	3650000	3700000	0
chr02	3700000	3750000	0
chr02	3750000	3800000	1
chr02	3800000	3850000	4
chr02	3850000	3900000	2
chr02	3900000	3950000	2
chr02	3950000	4000000	3
chr02	4000000	4050000	8
chr02	4050000	4100000	4
chr02	4100000	4150000	6
chr02	4150000	4200000	1
chr02	4200000	4250000	4
chr02	4250000	4300000	6
chr02	4300000	4350000	5
chr02	4350000	4400000	7
chr02	4400000	4450000	9
chr02	4450000	4500000	6
chr02	4500000	4550000	12
chr02	4550000	4600000	7
chr02	4600000	4650000	5
chr02	4650000	4700000	11
chr02	4700000	4750000	11
chr02	4750000	4800000	10
chr02	4800000	4850000	6
chr02	4850000	4900000	5
chr02	4900000	4950000	5
chr02	4950000	5000000	3
chr02	5000000	5050000	6
chr02	5050000	5100000	9
chr02	5100000	5150000	9
chr02	5150000	5200000	8
chr02	5200000	5250000	11
chr02	5250000	5300000	12
chr02	5300000	5350000	7
chr02	5350000	5400000	4
chr02	5400000	5450000	5
chr02	5450000	5500000	4
chr02	5500000	5550000	0
chr02	5550000	5600000	5
chr02	5600000	5650000	8
chr02	5650000	5700000	3
chr02	5700000	5750000	8
chr02	5750000	5800000	8
chr02	5800000	5850000	5
chr02	5850000	5900000	5
chr02	5900000	5950000	4
chr02	5950000	6000000	5
chr02	6000000	6050000	2
chr02	6050000	6100000	5
chr02	6100000	6150000	9
chr02	6150000	6200000	10
chr02	6200000	6250000	5
chr02	6250000	6300000	0
chr02	6300000	6350000	1
chr02	6350000	6400000	4
chr02	6400000	6450000	3
chr02	6450000	6500000	7
chr02	6500000	6550000	9
chr02	6550000	6600000	11
chr02	6600000	6650000	6
chr02	6650000	6700000	2
chr02	6700000	6750000	3
chr02	6750000	6800000	5
chr02	6800000	6850000	4
chr02	6850000	6900000	6
chr02	6900000	6950000	10
chr02	6950000	7000000	8
chr02	7000000	7050000	5
chr02	7050000	7100000	5
chr02	7100000	7150000	4
chr02	7150000	7200000	10
chr02	7200000	7250000	2
chr02	7250000	7300000	10
chr02	7300000	7350000	8
chr02	7350000	7400000	8
chr02	7400000	7450000	7
chr02	7450000	7500000	10
chr02	7500000	7550000	7
chr02	7550000	7600000	12
chr02	7600000	7650000	6
chr02	7650000	7700000	7
chr02	7700000	7750000	8
chr02	7750000	7800000	5
chr02	7800000	7850000	4
chr02	7850000	7900000	5
chr02	7900000	7950000	4
chr02	7950000	8000000	7
chr02	8000000	8050000	8
chr02	8050000	8100000	8
chr02	8100000	8150000	4
chr02	8150000	8200000	8
chr02	8200000	8250000	8
chr02	8250000	8300000	8
chr02	8300000	8350000	3
chr02	8350000	8400000	9
chr02	8400000	8450000	9
chr02	8450000	8500000	10
chr02	8500000	8550000	2
chr02	8550000	8600000	8
chr02	8600000	8650000	7
chr02	8650000	8700000	10
chr02	8700000	8750000	6
chr02	8750000	8800000	7
chr02	8800000	8850000	3
chr02	8850000	8900000	14
chr02	8900000	8950000	6
chr02	8950000	9000000	7
chr02	9000000	9050000	9
chr02	9050000	9100000	7
chr02	9100000	9150000	1
chr02	9150000	9200000	6
chr02	9200000	9250000	6
chr02	9250000	9300000	8
chr02	9300000	9350000	8
chr02	9350000	9400000	4
chr02	9400000	9450000	4
chr02	9450000	9500000	7
chr02	9500000	9550000	10
chr02	9550000	9600000	9
chr02	9600000	9650000	8
chr02	9650000	9700000	3
chr02	9700000	9750000	5
chr02	9750000	9800000	11
chr02	9800000	9850000	1
chr02	9850000	9873641	2
chr03	0	50000	0
chr03	50000	100000	0
chr03	100000	150000	0
chr03	150000	200000	3
chr03	200000	250000	3
chr03	250000	300000	12
chr03	300000	350000	6
chr03	350000	400000	11
chr03	400000	450000	7
chr03	450000	500000	8
chr03	500000	550000	2
chr03	550000	600000	5
chr03	600000	650000	6
chr03	650000	700000	3
chr03	700000	750000	3
chr03	750000	800000	2
chr03	800000	850000	7
chr03	850000	900000	9
chr03	900000	950000	9
chr03	950000	1000000	9
chr03	1000000	1050000	10
chr03	1050000	1100000	12
chr03	1100000	1150000	10
chr03	1150000	1200000	3
chr03	1200000	1250000	5
chr03	1250000	1300000	10
chr03	1300000	1350000	5
chr03	1350000	1400000	12
chr03	1400000	1450000	9
chr03	1450000	1500000	10
chr03	1500000	1550000	1
chr03	1550000	1600000	7
chr03	1600000	1650000	8
chr03	1650000	1700000	3
chr03	1700000	1750000	10
chr03	1750000	1800000	6
chr03	1800000	1850000	5
chr03	1850000	1900000	6
chr03	1900000	1950000	5
chr03	1950000	2000000	7
chr03	2000000	2050000	6
chr03	2050000	2100000	8
chr03	2100000	2150000	8
chr03	2150000	2200000	6
chr03	2200000	2250000	6
chr03	2250000	2300000	7
chr03	2300000	2350000	6
chr03	2350000	2400000	5
chr03	2400000	2450000	5
chr03	2450000	2500000	9
chr03	2500000	2550000	11
chr03	2550000	2600000	6
chr03	2600000	2650000	6
chr03	2650000	2700000	6
chr03	2700000	2750000	7
chr03	2750000	2800000	3
chr03	2800000	2850000	5
chr03	2850000	2900000	5
chr03	2900000	2950000	6
chr03	2950000	3000000	6
chr03	3000000	3050000	12
chr03	3050000	3100000	10
chr03	3100000	3150000	3
chr03	3150000	3200000	3
chr03	3200000	3250000	7
chr03	3250000	3300000	6
chr03	3300000	3350000	7
chr03	3350000	3400000	9
chr03	3400000	3450000	8
chr03	3450000	3500000	7
chr03	3500000	3550000	13
chr03	3550000	3600000	11
chr03	3600000	3650000	6
chr03	3650000	3700000	5
chr03	3700000	3750000	6
chr03	3750000	3800000	5
chr03	3800000	3850000	7
chr03	3850000	3900000	6
chr03	3900000	3950000	3
chr03	3950000	4000000	4
chr03	4000000	4050000	2
chr03	4050000	4100000	6
chr03	4100000	4150000	3
chr03	4150000	4200000	6
chr03	4200000	4250000	4
chr03	4250000	4300000	6
chr03	4300000	4350000	8
chr03	4350000	4400000	5
chr03	4400000	4450000	0
chr03	4450000	4500000	0
chr03	4500000	4550000	0
chr03	4550000	4600000	0
chr03	4600000	4650000	1
chr03	4650000	4700000	0
chr03	4700000	4750000	1
chr03	4750000	4800000	0
chr03	4800000	4850000	0
chr03	4850000	4900000	1
chr03	4900000	4950000	1
chr03	4950000	5000000	0
chr03	5000000	5050000	0
chr03	5050000	5100000	0
chr03	5100000	5150000	1
chr03	5150000	5200000	0
chr03	5200000	5250000	0
chr03	5250000	5300000	1
chr03	5300000	5350000	0
chr03	5350000	5400000	0
chr03	5400000	5450000	0
chr03	5450000	5500000	3
chr03	5500000	5550000	1
chr03	5550000	5600000	5
chr03	5600000	5650000	11
chr03	5650000	5700000	11
chr03	5700000	5750000	10
chr03	5750000	5800000	4
chr03	5800000	5850000	10
chr03	5850000	5900000	7
chr03	5900000	5950000	8
chr03	5950000	6000000	2
chr03	6000000	6050000	2
chr03	6050000	6100000	3
chr03	6100000	6150000	3
chr03	6150000	6200000	6
chr03	6200000	6250000	11
chr03	6250000	6300000	7
chr03	6300000	6350000	4
chr03	6350000	6400000	6
chr03	6400000	6450000	6
chr03	6450000	6500000	8
chr03	6500000	6550000	8
chr03	6550000	6600000	6
chr03	6600000	6650000	14
chr03	6650000	6700000	7
chr03	6700000	6750000	7
chr03	6750000	6800000	10
chr03	6800000	6850000	4
chr03	6850000	6900000	8
chr03	6900000	6950000	9
chr03	6950000	7000000	11
chr03	7000000	7050000	6
chr03	7050000	7100000	13
chr03	7100000	7150000	6
chr03	7150000	7200000	3
chr03	7200000	7250000	9
chr03	7250000	7300000	9
chr03	7300000	7350000	7
chr03	7350000	7400000	11
chr03	7400000	7450000	6
chr03	7450000	7500000	5
chr03	7500000	7550000	5
chr03	7550000	7600000	9
chr03	7600000	7650000	14
chr03	7650000	7700000	11
chr03	7700000	7750000	4
chr03	7750000	7800000	6
chr03	7800000	7850000	11
chr03	7850000	7900000	5
chr03	7900000	7950000	10
chr03	7950000	8000000	2
chr03	8000000	8050000	0
chr03	8050000	8100000	0
chr03	8100000	8150000	1
chr03	8150000	8200000	0
chr03	8200000	8250000	0
chr03	8250000	8280522	0
chr04	0	50000	0
chr04	50000	100000	1
chr04	100000	150000	5
chr04	150000	200000	7
chr04	200000	250000	5
chr04	250000	300000	3
chr04	300000	350000	5
chr04	350000	400000	7
chr04	400000	450000	5
chr04	450000	500000	4
chr04	500000	550000	5
chr04	550000	600000	9
chr04	600000	650000	6
chr04	650000	700000	5
chr04	700000	750000	4
chr04	750000	800000	6
chr04	800000	850000	2
chr04	850000	900000	7
chr04	900000	950000	8
chr04	950000	1000000	7
chr04	1000000	1050000	10
chr04	1050000	1100000	6
chr04	1100000	1150000	7
chr04	1150000	1200000	9
chr04	1200000	1250000	7
chr04	1250000	1300000	4
chr04	1300000	1350000	13
chr04	1350000	1400000	6
chr04	1400000	1450000	5
chr04	1450000	1500000	9
chr04	1500000	1550000	8
chr04	1550000	1600000	8
chr04	1600000	1650000	5
chr04	1650000	1700000	6
chr04	1700000	1750000	9
chr04	1750000	1800000	6
chr04	1800000	1850000	9
chr04	1850000	1900000	7
chr04	1900000	1950000	8
chr04	1950000	2000000	3
chr04	2000000	2050000	7
chr04	2050000	2100000	7
chr04	2100000	2150000	8
chr04	2150000	2200000	8
chr04	2200000	2250000	9
chr04	2250000	2300000	5
chr04	2300000	2350000	8
chr04	2350000	2400000	4
chr04	2400000	2450000	5
chr04	2450000	2500000	1
chr04	2500000	2550000	6
chr04	2550000	2600000	8
chr04	2600000	2650000	5
chr04	2650000	2700000	7
chr04	2700000	2750000	3
chr04	2750000	2800000	6
chr04	2800000	2850000	4
chr04	2850000	2900000	6
chr04	2900000	2950000	10
chr04	2950000	3000000	7
chr04	3000000	3050000	2
chr04	3050000	3100000	7
chr04	3100000	3150000	3
chr04	3150000	3200000	8
chr04	3200000	3250000	5
chr04	3250000	3300000	6
chr04	3300000	3350000	4
chr04	3350000	3400000	4
chr04	3400000	3450000	8
chr04	3450000	3500000	9
chr04	3500000	3550000	7
chr04	3550000	3600000	0
chr04	3600000	3650000	3
chr04	3650000	3700000	0
chr04	3700000	3750000	0
chr04	3750000	3800000	0
chr04	3800000	3850000	0
chr04	3850000	3900000	0
chr04	3900000	3950000	0
chr04	3950000	4000000	0
chr04	4000000	4050000	0
chr04	4050000	4100000	0
chr04	4100000	4150000	2
chr04	4150000	4200000	1
chr04	4200000	4250000	1
chr04	4250000	4300000	0
chr04	4300000	4350000	0
chr04	4350000	4400000	0
chr04	4400000	4450000	0
chr04	4450000	4500000	0
chr04	4500000	4550000	0
chr04	4550000	4600000	1
chr04	4600000	4650000	0
chr04	4650000	4700000	0
chr04	4700000	4750000	0
chr04	4750000	4800000	0
chr04	4800000	4850000	0
chr04	4850000	4900000	0
chr04	4900000	4950000	0
chr04	4950000	5000000	0
chr04	5000000	5050000	1
chr04	5050000	5100000	0
chr04	5100000	5150000	0
chr04	5150000	5200000	0
chr04	5200000	5250000	0
chr04	5250000	5300000	0
chr04	5300000	5350000	0
chr04	5350000	5400000	0
chr04	5400000	5450000	0
chr04	5450000	5500000	0
chr04	5500000	5550000	0
chr04	5550000	5600000	0
chr04	5600000	5650000	0
chr04	5650000	5700000	1
chr04	5700000	5750000	0
chr04	5750000	5800000	2
chr04	5800000	5850000	0
chr04	5850000	5900000	0
chr04	5900000	5950000	6
chr04	5950000	6000000	3
chr04	6000000	6050000	4
chr04	6050000	6100000	6
chr04	6100000	6150000	6
chr04	6150000	6200000	7
chr04	6200000	6250000	6
chr04	6250000	6300000	9
chr04	6300000	6350000	5
chr04	6350000	6400000	5
chr04	6400000	6450000	5
chr04	6450000	6500000	3
chr04	6500000	6550000	9
chr04	6550000	6600000	10
chr04	6600000	6650000	7
chr04	6650000	6700000	14
chr04	6700000	6750000	6
chr04	6750000	6800000	6
chr04	6800000	6850000	4
chr04	6850000	6900000	10
chr04	6900000	6950000	5
chr04	6950000	7000000	6
chr04	7000000	7050000	4
chr04	7050000	7100000	4
chr04	7100000	7150000	9
chr04	7150000	7200000	11
chr04	7200000	7250000	11
chr04	7250000	7300000	8
chr04	7300000	7350000	8
chr04	7350000	7400000	9
chr04	7400000	7450000	7
chr04	7450000	7500000	8
chr04	7500000	7550000	9
chr04	7550000	7600000	11
chr04	7600000	7650000	3
chr04	7650000	7700000	9
chr04	7700000	7750000	8
chr04	7750000	7800000	2
chr04	7800000	7850000	7
chr04	7850000	7900000	7
chr04	7900000	7950000	8
chr04	7950000	8000000	4
chr04	8000000	8050000	3
chr04	8050000	8100000	8
chr04	8100000	8150000	3
chr04	8150000	8200000	0
chr04	8200000	8250000	0
chr04	8250000	8267449	0
chr05	0	50000	0
chr05	50000	100000	1
chr05	100000	150000	9
chr05	150000	200000	9
chr05	200000	250000	3
chr05	250000	300000	4
chr05	300000	350000	3
chr05	350000	400000	9
chr05	400000	450000	3
chr05	450000	500000	6
chr05	500000	550000	6
chr05	550000	600000	6
chr05	600000	650000	7
chr05	650000	700000	11
chr05	700000	750000	7
chr05	750000	800000	8
chr05	800000	850000	5
chr05	850000	900000	9
chr05	900000	950000	6
chr05	950000	1000000	10
chr05	1000000	1050000	8
chr05	1050000	1100000	11
chr05	1100000	1150000	7
chr05	1150000	1200000	1
chr05	1200000	1250000	6
chr05	1250000	1300000	2
chr05	1300000	1350000	11
chr05	1350000	1400000	11
chr05	1400000	1450000	13
chr05	1450000	1500000	3
chr05	1500000	1550000	9
chr05	1550000	1600000	8
chr05	1600000	1650000	9
chr05	1650000	1700000	9
chr05	1700000	1750000	8
chr05	1750000	1800000	13
chr05	1800000	1850000	7
chr05	1850000	1900000	2
chr05	1900000	1950000	8
chr05	1950000	2000000	9
chr05	2000000	2050000	4
chr05	2050000	2100000	8
chr05	2100000	2150000	6
chr05	2150000	2200000	8
chr05	2200000	2250000	5
chr05	2250000	2300000	4
chr05	2300000	2350000	0
chr05	2350000	2400000	1
chr05	2400000	2450000	4
chr05	2450000	2500000	2
chr05	2500000	2550000	10
chr05	2550000	2600000	12
chr05	2600000	2650000	10
chr05	2650000	2700000	2
chr05	2700000	2750000	2
chr05	2750000	2800000	8
chr05	2800000	2850000	5
chr05	2850000	2900000	1
chr05	2900000	2950000	7
chr05	2950000	3000000	6
chr05	3000000	3050000	9
chr05	3050000	3100000	8
chr05	3100000	3150000	8
chr05	3150000	3200000	4
chr05	3200000	3250000	5
chr05	3250000	3300000	3
chr05	3300000	3350000	6
chr05	3350000	3400000	3
chr05	3400000	3450000	5
chr05	3450000	3500000	9
chr05	3500000	3550000	12
chr05	3550000	3600000	6
chr05	3600000	3650000	8
chr05	3650000	3700000	6
chr05	3700000	3750000	6
chr05	3750000	3800000	4
chr05	3800000	3850000	2
chr05	3850000	3900000	3
chr05	3900000	3950000	7
chr05	3950000	4000000	7
chr05	4000000	4050000	3
chr05	4050000	4100000	5
chr05	4100000	4150000	2
chr05	4150000	4200000	0
chr05	4200000	4250000	0
chr05	4250000	4300000	0
chr05	4300000	4350000	0
chr05	4350000	4400000	0
chr05	4400000	4450000	1
chr05	4450000	4500000	1
chr05	4500000	4550000	1
chr05	4550000	4600000	0
chr05	4600000	4650000	0
chr05	4650000	4700000	0
chr05	4700000	4750000	3
chr05	4750000	4800000	0
chr05	4800000	4850000	1
chr05	4850000	4900000	0
chr05	4900000	4950000	0
chr05	4950000	5000000	0
chr05	5000000	5050000	1
chr05	5050000	5100000	1
chr05	5100000	5150000	0
chr05	5150000	5200000	0
chr05	5200000	5250000	0
chr05	5250000	5300000	0
chr05	5300000	5350000	1
chr05	5350000	5400000	0
chr05	5400000	5450000	2
chr05	5450000	5500000	0
chr05	5500000	5550000	1
chr05	5550000	5600000	7
chr05	5600000	5650000	9
chr05	5650000	5700000	5
chr05	5700000	5750000	6
chr05	5750000	5800000	9
chr05	5800000	5850000	4
chr05	5850000	5900000	10
chr05	5900000	5950000	2
chr05	5950000	6000000	8
chr05	6000000	6050000	5
chr05	6050000	6100000	6
chr05	6100000	6150000	2
chr05	6150000	6200000	8
chr05	6200000	6250000	6
chr05	6250000	6300000	4
chr05	6300000	6350000	5
chr05	6350000	6400000	4
chr05	6400000	6450000	8
chr05	6450000	6500000	7
chr05	6500000	6550000	12
chr05	6550000	6600000	3
chr05	6600000	6650000	9
chr05	6650000	6700000	9
chr05	6700000	6750000	10
chr05	6750000	6800000	10
chr05	6800000	6850000	9
chr05	6850000	6900000	7
chr05	6900000	6950000	4
chr05	6950000	7000000	4
chr05	7000000	7050000	12
chr05	7050000	7100000	8
chr05	7100000	7150000	9
chr05	7150000	7200000	14
chr05	7200000	7250000	6
chr05	7250000	7300000	3
chr05	7300000	7350000	12
chr05	7350000	7400000	9
chr05	7400000	7450000	7
chr05	7450000	7500000	7
chr05	7500000	7550000	6
chr05	7550000	7600000	2
chr05	7600000	7650000	1
chr05	7650000	7700000	0
chr05	7700000	7750000	0
chr05	7750000	7800000	0
chr05	7800000	7850000	0
chr05	7850000	7900000	0
chr05	7900000	7950000	0
chr05	7950000	7982397	0
chr06	0	50000	0
chr06	50000	100000	1
chr06	100000	150000	3
chr06	150000	200000	5
chr06	200000	250000	5
chr06	250000	300000	3
chr06	300000	350000	5
chr06	350000	400000	8
chr06	400000	450000	7
chr06	450000	500000	6
chr06	500000	550000	3
chr06	550000	600000	9
chr06	600000	650000	3
chr06	650000	700000	4
chr06	700000	750000	3
chr06	750000	800000	8
chr06	800000	850000	9
chr06	850000	900000	9
chr06	900000	950000	10
chr06	950000	1000000	13
chr06	1000000	1050000	7
chr06	1050000	1100000	12
chr06	1100000	1150000	12
chr06	1150000	1200000	15
chr06	1200000	1250000	5
chr06	1250000	1300000	8
chr06	1300000	1350000	6
chr06	1350000	1400000	11
chr06	1400000	1450000	10
chr06	1450000	1500000	6
chr06	1500000	1550000	5
chr06	1550000	1600000	6
chr06	1600000	1650000	8
chr06	1650000	1700000	1
chr06	1700000	1750000	4
chr06	1750000	1800000	6
chr06	1800000	1850000	7
chr06	1850000	1900000	2
chr06	1900000	1950000	7
chr06	1950000	2000000	5
chr06	2000000	2050000	7
chr06	2050000	2100000	6
chr06	2100000	2150000	1
chr06	2150000	2200000	4
chr06	2200000	2250000	6
chr06	2250000	2300000	6
chr06	2300000	2350000	4
chr06	2350000	2400000	6
chr06	2400000	2450000	5
chr06	2450000	2500000	4
chr06	2500000	2550000	9
chr06	2550000	2600000	6
chr06	2600000	2650000	6
chr06	2650000	2700000	3
chr06	2700000	2750000	3
chr06	2750000	2800000	4
chr06	2800000	2850000	4
chr06	2850000	2900000	6
chr06	2900000	2950000	9
chr06	2950000	3000000	7
chr06	3000000	3050000	3
chr06	3050000	3100000	4
chr06	3100000	3150000	4
chr06	3150000	3200000	0
chr06	3200000	3250000	0
chr06	3250000	3300000	0
chr06	3300000	3350000	0
chr06	3350000	3400000	0
chr06	3400000	3450000	0
chr06	3450000	3500000	1
chr06	3500000	3550000	0
chr06	3550000	3600000	0
chr06	3600000	3650000	1
chr06	3650000	3700000	0
chr06	3700000	3750000	1
chr06	3750000	3800000	0
chr06	3800000	3850000	0
chr06	3850000	3900000	0
chr06	3900000	3950000	0
chr06	3950000	4000000	0
chr06	4000000	4050000	0
chr06	4050000	4100000	0
chr06	4100000	4150000	0
chr06	4150000	4200000	0
chr06	4200000	4250000	0
chr06	4250000	4300000	0
chr06	4300000	4350000	1
chr06	4350000	4400000	1
chr06	4400000	4450000	0
chr06	4450000	4500000	0
chr06	4500000	4550000	3
chr06	4550000	4600000	8
chr06	4600000	4650000	3
chr06	4650000	4700000	4
chr06	4700000	4750000	2
chr06	4750000	4800000	4
chr06	4800000	4850000	5
chr06	4850000	4900000	4
chr06	4900000	4950000	6
chr06	4950000	5000000	3
chr06	5000000	5050000	3
chr06	5050000	5100000	2
chr06	5100000	5150000	7
chr06	5150000	5200000	3
chr06	5200000	5250000	7
chr06	5250000	5300000	5
chr06	5300000	5350000	6
chr06	5350000	5400000	6
chr06	5400000	5450000	4
chr06	5450000	5500000	2
chr06	5500000	5550000	3
chr06	5550000	5600000	10
chr06	5600000	5650000	9
chr06	5650000	5700000	8
chr06	5700000	5750000	11
chr06	5750000	5800000	4
chr06	5800000	5850000	7
chr06	5850000	5900000	5
chr06	5900000	5950000	11
chr06	5950000	6000000	8
chr06	6000000	6050000	8
chr06	6050000	6100000	3
chr06	6100000	6150000	7
chr06	6150000	6200000	0
chr06	6200000	6250000	1
chr06	6250000	6300000	0
chr06	6300000	6350000	2
chr06	6350000	6400000	3
chr06	6400000	6450000	8
chr06	6450000	6500000	4
chr06	6500000	6550000	8
chr06	6550000	6600000	9
chr06	6600000	6650000	7
chr06	6650000	6700000	9
chr06	6700000	6750000	6
chr06	6750000	6800000	7
chr06	6800000	6850000	6
chr06	6850000	6900000	14
chr06	6900000	6950000	5
chr06	6950000	7000000	7
chr06	7000000	7050000	2
chr06	7050000	7100000	0
chr06	7100000	7150000	0
chr06	7150000	7151912	0
chr07	0	50000	0
chr07	50000	100000	1
chr07	100000	150000	1
chr07	150000	200000	0
chr07	200000	250000	1
chr07	250000	300000	4
chr07	300000	350000	3
chr07	350000	400000	6
chr07	400000	450000	3
chr07	450000	500000	7
chr07	500000	550000	6
chr07	550000	600000	5
chr07	600000	650000	9
chr07	650000	700000	12
chr07	700000	750000	9
chr07	750000	800000	4
chr07	800000	850000	6
chr07	850000	900000	8
chr07	900000	950000	12
chr07	950000	1000000	12
chr07	1000000	1050000	6
chr07	1050000	1100000	7
chr07	1100000	1150000	9
chr07	1150000	1200000	4
chr07	1200000	1250000	6
chr07	1250000	1300000	7
chr07	1300000	1350000	5
chr07	1350000	1400000	6
chr07	1400000	1450000	7
chr07	1450000	1500000	7
chr07	1500000	1550000	7
chr07	1550000	1600000	5
chr07	1600000	1650000	6
chr07	1650000	1700000	7
chr07	1700000	1750000	6
chr07	1750000	1800000	5
chr07	1800000	1850000	6
chr07	1850000	1900000	4
chr07	1900000	1950000	4
chr07	1950000	2000000	6
chr07	2000000	2050000	8
chr07	2050000	2100000	1
chr07	2100000	2150000	0
chr07	2150000	2200000	0
chr07	2200000	2250000	0
chr07	2250000	2300000	1
chr07	2300000	2350000	0
chr07	2350000	2400000	0
chr07	2400000	2450000	0
chr07	2450000	2500000	1
chr07	2500000	2550000	1
chr07	2550000	2600000	0
chr07	2600000	2650000	0
chr07	2650000	2700000	0
chr07	2700000	2750000	1
chr07	2750000	2800000	0
chr07	2800000	2850000	1
chr07	2850000	2900000	1
chr07	2900000	2950000	1
chr07	2950000	3000000	0
chr07	3000000	3050000	1
chr07	3050000	3100000	0
chr07	3100000	3150000	2
chr07	3150000	3200000	0
chr07	3200000	3250000	0
chr07	3250000	3300000	2
chr07	3300000	3350000	7
chr07	3350000	3400000	2
chr07	3400000	3450000	1
chr07	3450000	3500000	3
chr07	3500000	3550000	6
chr07	3550000	3600000	7
chr07	3600000	3650000	10
chr07	3650000	3700000	5
chr07	3700000	3750000	7
chr07	3750000	3800000	6
chr07	3800000	3850000	6
chr07	3850000	3900000	4
chr07	3900000	3950000	6
chr07	3950000	4000000	6
chr07	4000000	4050000	10
chr07	4050000	4100000	6
chr07	4100000	4150000	5
chr07	4150000	4200000	6
chr07	4200000	4250000	8
chr07	4250000	4300000	2
chr07	4300000	4350000	4
chr07	4350000	4400000	6
chr07	4400000	4450000	7
chr07	4450000	4500000	6
chr07	4500000	4550000	7
chr07	4550000	4600000	8
chr07	4600000	4650000	7
chr07	4650000	4700000	5
chr07	4700000	4750000	10
chr07	4750000	4800000	7
chr07	4800000	4850000	2
chr07	4850000	4900000	5
chr07	4900000	4950000	4
chr07	4950000	5000000	10
chr07	5000000	5050000	6
chr07	5050000	5100000	8
chr07	5100000	5150000	10
chr07	5150000	5200000	6
chr07	5200000	5250000	12
chr07	5250000	5300000	1
chr07	5300000	5350000	7
chr07	5350000	5400000	0
chr07	5400000	5450000	7
chr07	5450000	5500000	13
chr07	5500000	5550000	9
chr07	5550000	5600000	8
chr07	5600000	5650000	9
chr07	5650000	5700000	8
chr07	5700000	5750000	7
chr07	5750000	5800000	2
chr07	5800000	5850000	9
chr07	5850000	5900000	9
chr07	5900000	5950000	6
chr07	5950000	6000000	8
chr07	6000000	6050000	13
chr07	6050000	6100000	3
chr07	6100000	6150000	6
chr07	6150000	6200000	9
chr07	6200000	6250000	9
chr07	6250000	6300000	7
chr07	6300000	6350000	11
chr07	6350000	6400000	10
chr07	6400000	6450000	10
chr07	6450000	6500000	9
chr07	6500000	6550000	9
chr07	6550000	6600000	5
chr07	6600000	6650000	1
chr07	6650000	6658188	0
chr08	0	50000	1
chr08	50000	100000	0
chr08	100000	150000	0
chr08	150000	200000	0
chr08	200000	250000	0
chr08	250000	300000	0
chr08	300000	350000	3
chr08	350000	400000	7
chr08	400000	450000	3
chr08	450000	500000	7
chr08	500000	550000	9
chr08	550000	600000	6
chr08	600000	650000	9
chr08	650000	700000	5
chr08	700000	750000	10
chr08	750000	800000	3
chr08	800000	850000	1
chr08	850000	900000	2
chr08	900000	950000	0
chr08	950000	1000000	0
chr08	1000000	1050000	0
chr08	1050000	1100000	0
chr08	1100000	1150000	1
chr08	1150000	1200000	0
chr08	1200000	1250000	0
chr08	1250000	1300000	0
chr08	1300000	1350000	1
chr08	1350000	1400000	0
chr08	1400000	1450000	1
chr08	1450000	1500000	0
chr08	1500000	1550000	2
chr08	1550000	1600000	0
chr08	1600000	1650000	0
chr08	1650000	1700000	0
chr08	1700000	1750000	0
chr08	1750000	1800000	0
chr08	1800000	1850000	0
chr08	1850000	1900000	0
chr08	1900000	1950000	1
chr08	1950000	2000000	1
chr08	2000000	2050000	1
chr08	2050000	2100000	0
chr08	2100000	2150000	1
chr08	2150000	2200000	5
chr08	2200000	2250000	7
chr08	2250000	2300000	4
chr08	2300000	2350000	7
chr08	2350000	2400000	7
chr08	2400000	2450000	8
chr08	2450000	2500000	0
chr08	2500000	2550000	2
chr08	2550000	2600000	2
chr08	2600000	2650000	0
chr08	2650000	2700000	4
chr08	2700000	2750000	0
chr08	2750000	2800000	4
chr08	2800000	2850000	2
chr08	2850000	2900000	9
chr08	2900000	2950000	7
chr08	2950000	3000000	4
chr08	3000000	3050000	8
chr08	3050000	3100000	8
chr08	3100000	3150000	8
chr08	3150000	3200000	11
chr08	3200000	3250000	6
chr08	3250000	3300000	8
chr08	3300000	3350000	2
chr08	3350000	3400000	8
chr08	3400000	3450000	9
chr08	3450000	3500000	2
chr08	3500000	3550000	6
chr08	3550000	3600000	3
chr08	3600000	3650000	4
chr08	3650000	3700000	0
chr08	3700000	3750000	1
chr08	3750000	3800000	4
chr08	3800000	3850000	11
chr08	3850000	3900000	10
chr08	3900000	3950000	9
chr08	3950000	4000000	9
chr08	4000000	4050000	7
chr08	4050000	4100000	8
chr08	4100000	4150000	6
chr08	4150000	4200000	0
chr08	4200000	4250000	0
chr08	4250000	4300000	0
chr08	4300000	4350000	0
chr08	4350000	4400000	3
chr08	4400000	4450000	10
chr08	4450000	4500000	5
chr08	4500000	4550000	6
chr08	4550000	4600000	8
chr08	4600000	4650000	5
chr08	4650000	4700000	5
chr08	4700000	4750000	2
chr08	4750000	4800000	1
chr08	4800000	4850000	2
chr08	4850000	4900000	3
chr08	4900000	4950000	2
chr08	4950000	5000000	11
chr08	5000000	5050000	0
chr08	5050000	5100000	6
chr08	5100000	5150000	5
chr08	5150000	5200000	3
chr08	5200000	5250000	5
chr08	5250000	5300000	4
chr08	5300000	5350000	3
chr08	5350000	5400000	2
chr08	5400000	5450000	1
chr08	5450000	5500000	2
chr08	5500000	5550000	8
chr08	5550000	5600000	5
chr08	5600000	5650000	2
chr08	5650000	5700000	2
chr08	5700000	5750000	4
chr08	5750000	5800000	1
chr08	5800000	5850000	6
chr08	5850000	5900000	3
chr08	5900000	5950000	8
chr08	5950000	6000000	3
chr08	6000000	6050000	6
chr08	6050000	6100000	4
chr08	6100000	6150000	2
chr08	6150000	6200000	0
chr08	6200000	6212290	0
chr09	0	50000	0
chr09	50000	100000	0
chr09	100000	150000	1
chr09	150000	200000	0
chr09	200000	250000	0
chr09	250000	300000	0
chr09	300000	350000	0
chr09	350000	400000	0
chr09	400000	450000	0
chr09	450000	500000	1
chr09	500000	550000	4
chr09	550000	600000	2
chr09	600000	650000	5
chr09	650000	700000	11
chr09	700000	750000	8
chr09	750000	800000	13
chr09	800000	850000	4
chr09	850000	900000	4
chr09	900000	950000	5
chr09	950000	1000000	7
chr09	1000000	1050000	10
chr09	1050000	1100000	9
chr09	1100000	1150000	10
chr09	1150000	1200000	9
chr09	1200000	1250000	8
chr09	1250000	1300000	11
chr09	1300000	1350000	11
chr09	1350000	1400000	7
chr09	1400000	1450000	11
chr09	1450000	1500000	8
chr09	1500000	1550000	0
chr09	1550000	1600000	5
chr09	1600000	1650000	0
chr09	1650000	1700000	0
chr09	1700000	1750000	0
chr09	1750000	1800000	1
chr09	1800000	1850000	0
chr09	1850000	1900000	0
chr09	1900000	1950000	0
chr09	1950000	2000000	0
chr09	2000000	2050000	0
chr09	2050000	2100000	0
chr09	2100000	2150000	1
chr09	2150000	2200000	1
chr09	2200000	2250000	0
chr09	2250000	2300000	0
chr09	2300000	2350000	0
chr09	2350000	2400000	0
chr09	2400000	2450000	0
chr09	2450000	2500000	1
chr09	2500000	2550000	1
chr09	2550000	2600000	0
chr09	2600000	2650000	0
chr09	2650000	2700000	0
chr09	2700000	2750000	0
chr09	2750000	2800000	0
chr09	2800000	2850000	0
chr09	2850000	2900000	0
chr09	2900000	2950000	5
chr09	2950000	3000000	0
chr09	3000000	3050000	0
chr09	3050000	3100000	0
chr09	3100000	3150000	3
chr09	3150000	3200000	0
chr09	3200000	3250000	0
chr09	3250000	3300000	3
chr09	3300000	3350000	5
chr09	3350000	3400000	4
chr09	3400000	3450000	3
chr09	3450000	3500000	10
chr09	3500000	3550000	7
chr09	3550000	3600000	8
chr09	3600000	3650000	4
chr09	3650000	3700000	4
chr09	3700000	3750000	3
chr09	3750000	3800000	5
chr09	3800000	3850000	6
chr09	3850000	3900000	6
chr09	3900000	3950000	7
chr09	3950000	4000000	7
chr09	4000000	4050000	4
chr09	4050000	4100000	4
chr09	4100000	4150000	7
chr09	4150000	4200000	8
chr09	4200000	4250000	9
chr09	4250000	4300000	4
chr09	4300000	4350000	4
chr09	4350000	4400000	7
chr09	4400000	4450000	4
chr09	4450000	4500000	9
chr09	4500000	4550000	5
chr09	4550000	4600000	7
chr09	4600000	4650000	5
chr09	4650000	4700000	15
chr09	4700000	4750000	11
chr09	4750000	4800000	8
chr09	4800000	4850000	5
chr09	4850000	4900000	5
chr09	4900000	4950000	13
chr09	4950000	5000000	7
chr09	5000000	5050000	10
chr09	5050000	5100000	5
chr09	5100000	5150000	5
chr09	5150000	5200000	6
chr09	5200000	5250000	6
chr09	5250000	5300000	2
chr09	5300000	5350000	0
chr09	5350000	5400000	0
chr09	5400000	5450000	7
chr09	5450000	5500000	4
chr09	5500000	5550000	3
chr09	5550000	5600000	5
chr09	5600000	5650000	6
chr09	5650000	5700000	7
chr09	5700000	5750000	3
chr09	5750000	5800000	6
chr09	5800000	5850000	11
chr09	5850000	5900000	5
chr09	5900000	5950000	8
chr09	5950000	6000000	9
chr09	6000000	6050000	2
chr09	6050000	6071994	0
chr10	0	50000	0
chr10	50000	100000	0
chr10	100000	150000	1
chr10	150000	200000	0
chr10	200000	250000	3
chr10	250000	300000	3
chr10	300000	350000	2
chr10	350000	400000	2
chr10	400000	450000	6
chr10	450000	500000	0
chr10	500000	550000	0
chr10	550000	600000	0
chr10	600000	650000	1
chr10	650000	700000	0
chr10	700000	750000	0
chr10	750000	800000	0
chr10	800000	850000	0
chr10	850000	900000	0
chr10	900000	950000	0
chr10	950000	1000000	0
chr10	1000000	1050000	1
chr10	1050000	1100000	1
chr10	1100000	1150000	1
chr10	1150000	1200000	0
chr10	1200000	1250000	0
chr10	1250000	1300000	3
chr10	1300000	1350000	0
chr10	1350000	1400000	1
chr10	1400000	1450000	1
chr10	1450000	1500000	5
chr10	1500000	1550000	1
chr10	1550000	1600000	7
chr10	1600000	1650000	8
chr10	1650000	1700000	13
chr10	1700000	1750000	11
chr10	1750000	1800000	5
chr10	1800000	1850000	7
chr10	1850000	1900000	5
chr10	1900000	1950000	4
chr10	1950000	2000000	7
chr10	2000000	2050000	5
chr10	2050000	2100000	5
chr10	2100000	2150000	4
chr10	2150000	2200000	6
chr10	2200000	2250000	8
chr10	2250000	2300000	11
chr10	2300000	2350000	8
chr10	2350000	2400000	7
chr10	2400000	2450000	7
chr10	2450000	2500000	11
chr10	2500000	2550000	5
chr10	2550000	2600000	7
chr10	2600000	2650000	7
chr10	2650000	2700000	9
chr10	2700000	2750000	5
chr10	2750000	2800000	14
chr10	2800000	2850000	14
chr10	2850000	2900000	10
chr10	2900000	2950000	9
chr10	2950000	3000000	4
chr10	3000000	3050000	9
chr10	3050000	3100000	10
chr10	3100000	3150000	9
chr10	3150000	3200000	3
chr10	3200000	3250000	2
chr10	3250000	3300000	5
chr10	3300000	3350000	9
chr10	3350000	3400000	7
chr10	3400000	3450000	9
chr10	3450000	3500000	5
chr10	3500000	3550000	7
chr10	3550000	3600000	7
chr10	3600000	3650000	12
chr10	3650000	3700000	12
chr10	3700000	3750000	11
chr10	3750000	3800000	4
chr10	3800000	3850000	6
chr10	3850000	3900000	6
chr10	3900000	3950000	6
chr10	3950000	4000000	8
chr10	4000000	4050000	11
chr10	4050000	4100000	9
chr10	4100000	4150000	5
chr10	4150000	4200000	6
chr10	4200000	4250000	1
chr10	4250000	4300000	0
chr10	4300000	4350000	0
chr10	4350000	4400000	0
chr10	4400000	4450000	0
chr10	4450000	4493462	3
chr11	0	50000	0
chr11	50000	100000	1
chr11	100000	150000	2
chr11	150000	200000	4
chr11	200000	250000	3
chr11	250000	300000	6
chr11	300000	350000	12
chr11	350000	400000	8
chr11	400000	450000	5
chr11	450000	500000	8
chr11	500000	550000	6
chr11	550000	600000	7
chr11	600000	650000	7
chr11	650000	700000	3
chr11	700000	750000	6
chr11	750000	800000	5
chr11	800000	850000	7
chr11	850000	900000	8
chr11	900000	950000	4
chr11	950000	1000000	7
chr11	1000000	1050000	8
chr11	1050000	1100000	6
chr11	1100000	1150000	10
chr11	1150000	1200000	5
chr11	1200000	1250000	12
chr11	1250000	1300000	12
chr11	1300000	1350000	6
chr11	1350000	1400000	10
chr11	1400000	1450000	10
chr11	1450000	1500000	3
chr11	1500000	1550000	5
chr11	1550000	1600000	0
chr11	1600000	1650000	0
chr11	1650000	1700000	0
chr11	1700000	1750000	0
chr11	1750000	1800000	0
chr11	1800000	1850000	0
chr11	1850000	1900000	0
chr11	1900000	1950000	0
chr11	1950000	2000000	0
chr11	2000000	2050000	0
chr11	2050000	2100000	0
chr11	2100000	2150000	0
chr11	2150000	2200000	2
chr11	2200000	2250000	0
chr11	2250000	2300000	0
chr11	2300000	2350000	0
chr11	2350000	2400000	0
chr11	2400000	2450000	0
chr11	2450000	2500000	0
chr11	2500000	2550000	1
chr11	2550000	2600000	1
chr11	2600000	2650000	4
chr11	2650000	2700000	2
chr11	2700000	2750000	8
chr11	2750000	2800000	5
chr11	2800000	2850000	6
chr11	2850000	2900000	9
chr11	2900000	2950000	11
chr11	2950000	3000000	7
chr11	3000000	3050000	2
chr11	3050000	3100000	4
chr11	3100000	3150000	6
chr11	3150000	3200000	9
chr11	3200000	3250000	9
chr11	3250000	3300000	0
chr11	3300000	3341779	1
